1900  1  5 19  0  0.00  -3.000  102.000    0.0  7.0
1900  1 11  9  7  0.00  -5.000  148.000    0.0  7.0
1900  1 20  6 33  0.00  20.000 -105.000    0.0  7.3
1900  1 31 19 22  0.00  48.000  146.000  450.0  7.5
1900  5 11 17 23  0.00  38.700  141.100    5.0  7.0
1900  6 21 20 52  0.00  10.000  -85.500    0.0  7.2
1900  7 29  6 59  0.00 -10.000  165.000    0.0  7.6
1900  9 17 21 45  0.00  -5.000  148.000    0.0  7.1
1900 10  9 12 28  0.00  57.090 -153.480    0.0  7.7
1900 10 29  9 11  0.00  11.000  -66.000    0.0  7.7
1900 11  9 16 10  0.00  13.000  -90.000    0.0  7.0
1900 11 24  7 57  0.00  43.500  148.000   35.0  7.0
1900 12 25  5  9  0.00  43.000  146.000   35.0  7.1
1901  1  7  0 29  0.00  -2.000  -82.000    0.0  7.2
1901  1 18  4 39  0.00  60.000 -135.000    0.0  7.1
1901  4  5 23 30  0.00  44.500  149.000   35.0  7.3
1901  5 25  0 32  0.00 -10.000  160.000    0.0  7.2
1901  6 15  9 34  0.00  39.000  143.000   35.0  7.0
1901  6 24  7  2  0.00  28.000  130.000   35.0  7.2
1901  8  9  9 23  0.00  40.500  142.500   35.0  7.2
1901  8  9 13  1  0.00 -22.000  170.000    0.0  7.9
1901  8  9 18 33  0.00  40.600  142.300   35.0  7.5
1901 10  8  2 14  0.00  13.000  -87.000    0.0  7.1
1901 11 25  1 51  0.00   3.000  127.000    0.0  7.0
1901 12  9  2 17  0.00  26.000 -110.000    0.0  7.1
1901 12 14 22 57  0.00  14.000  122.000    0.0  7.0
1901 12 31  9  2  0.00  52.000 -177.000    0.0  7.1
1902  1  1  5 20  0.00  55.000 -165.000    0.0  7.0
1902  1 12 22 18  0.00   3.000  122.000    0.0  7.0
1902  1 24 23 27  0.00  -8.000  150.000    0.0  7.2
1902  4 19  2 23  0.00  14.000  -91.000    0.0  7.5
1902  5  2 11 31  0.00  39.000  144.000   35.0  7.0
1902  8 22  3  0  0.00  40.000   77.000    0.0  7.7
1902  9 22  1 46  0.00  18.000  146.000    0.0  7.5
1902  9 23 20 18  0.00  16.000  -93.000    0.0  7.8
1902 10  6  9 15  0.00  36.500   70.500  200.0  7.2
1902 12 12 23 10  0.00  29.000 -114.000    0.0  7.1
1903  1  4  5  7  0.00 -20.000 -175.000  400.0  8.0
1903  1 14  1 47  0.00  15.000  -98.000    0.0  7.4
1903  1 17 16  5  0.00  50.000 -170.000    0.0  7.0
1903  2  1  9 34  0.00  48.000   98.000    0.0  7.1
1903  2 27  0 43  0.00  -8.000  106.000    0.0  7.3
1903  4 29  3 59  0.00 -20.000 -175.000    0.0  7.1
1903  5 13  6 34  0.00 -17.000  168.000    0.0  7.0
1903  8 11  4 32 54.00  36.360   22.970   80.0  8.3
1903 12 28  2 56  0.00   7.000  127.000    0.0  7.1
1904  1 20 14 52  6.00   7.000  -79.000    0.0  7.2
1904  3 19  6 28  0.00 -29.000  -71.000    0.0  7.0
1904  4  4 10 26  0.00  41.750   23.250    0.0  7.1
1904  5  1 15 24  0.00   2.000  130.000    0.0  7.0
1904  6  7  8 17 54.00  39.000  135.000  350.0  7.4
1904  6 25 14 45 36.00  52.000  159.000    0.0  7.5
1904  6 25 21  0 30.00  52.000  159.000    0.0  7.6
1904  6 27  0  9  0.00  52.000  159.000    0.0  7.2
1904  8 24 20 59 54.00  30.000  131.000   35.0  7.1
1904  8 27 21 56  6.00  64.000 -151.000    0.0  7.3
1904 10  3  3  5  0.00  12.000   58.000    0.0  7.0
1904 10 28 13 51  0.00   8.000  113.000    0.0  7.0
1904 12 20  5 44 18.00   8.500  -83.000    0.0  7.2
1905  1 22  2 43 54.00   1.000  123.000   90.0  7.8
1905  2 14  8 46 36.00  53.000 -178.000    0.0  7.2
1905  3  4 16  0 20.00  -4.000  149.000   60.0  7.1
1905  3 18  0 58  0.00 -27.500 -173.000   60.0  7.5
1905  3 18 23 56  0.00 -10.000  168.000    0.0  7.2
1905  3 22  3 38  0.00  50.000  180.000    0.0  7.0
1905  4  4  0 50  0.00  33.000   76.000    0.0  7.8
1905  4 26 21 43  0.00 -21.000  -70.000   60.0  7.0
1905  6  2  5 39 42.00  34.100  132.500   55.0  7.0
1905  6 14 11 30  0.00 -20.000 -175.000    0.0  7.0
1905  6 30 17  7  0.00 -20.000 -175.000    0.0  7.1
1905  7  6 16 21  0.00  37.400  141.800   35.0  7.1
1905  7  9  9 40 24.00  49.000   99.000    0.0  8.4
1905  7 11  8 38  0.00  49.500   97.300   20.0  7.0
1905  7 11 15 37 30.00  22.000  143.000  450.0  7.2
1905  7 23  2 46 12.00  49.000   98.000    0.0  8.4
1905  9  1  2 45 36.00  45.000  143.000  250.0  7.3
1905  9 15  6  2  0.00  55.000  165.000    0.0  7.3
1905  9 26  1 26  9.00  29.000   74.000   60.0  7.1
1905 10 21 11  1 37.00  42.000   42.000   60.0  7.5
1905 12  4 12 20 25.00  38.000   37.000   60.0  7.0
1905 12 17  5 27  0.00  17.000 -113.000    0.0  7.1
1906  1 21 13 49 35.00  34.000  137.000  350.0  7.7
1906  1 31 15 36  0.00   1.000  -81.500    0.0  8.8
1906  2 19  1 59  0.00 -10.000  160.000    0.0  7.1
1906  3  2  6 15 15.00  43.000   80.000   60.0  7.3
1906  4 10 21 18  0.00  20.000 -110.000    0.0  7.2
1906  4 13 19 18  0.00  23.600  120.400    5.0  7.1
1906  4 18 13 12  0.00  38.000 -123.000    0.0  7.8
1906  6  1  4 30  0.00   0.000  145.000    0.0  7.1
1906  6 19 11 22 41.00  20.000  122.000   60.0  7.1
1906  6 24 11 17 49.00  15.000   92.000   60.0  7.3
1906  8 17  0 10 42.00  51.000  179.000    0.0  7.8
1906  8 17  0 40  0.00 -33.000  -72.000    0.0  8.2
1906  8 26  5 59  0.00  -4.000  149.000    0.0  7.0
1906  8 30  2 38  0.00 -21.000  -70.000    0.0  7.1
1906  9  7 18 52  0.00  34.000  141.000   35.0  7.0
1906  9 14 16  4 18.00  -7.000  149.000    0.0  8.0
1906  9 28 15 24 54.00  -2.000  -79.000  150.0  7.5
1906 10  2  1 50  0.00  -4.000  149.000    0.0  7.2
1906 10 17  9 40  0.00  19.000  121.000   60.0  7.3
1906 11 19  7 18 18.00 -22.000  109.000    0.0  7.2
1906 12  3 22 59 24.00  15.000  -61.000  100.0  7.2
1906 12 19  1 14  0.00 -19.000 -172.000    0.0  7.2
1906 12 22 18 21  0.00  43.500   85.000    0.0  7.2
1906 12 23 17 22  0.00  56.850 -153.900    0.0  7.2
1906 12 26  5 54  0.00 -20.000  -73.000    0.0  7.0
1907  1  2 11 57  0.00 -21.100 -175.100    0.0  7.3
1907  1  4  5 19 12.00   2.000   94.500   50.0  7.5
1907  2  3 19 34 57.00  -6.000  148.000   60.0  7.2
1907  3 29 20 46 30.00   3.000  122.000  500.0  7.2
1907  3 31 22  0 36.00 -18.000 -177.000  400.0  7.2
1907  4 15  6  8  6.00  17.000 -100.000    0.0  7.9
1907  4 18 20 59 48.00  14.000  123.000    0.0  7.1
1907  4 18 23 52 24.00  13.500  123.000    0.0  7.0
1907  5  4  6 51  0.00  -7.500  153.700   60.0  7.7
1907  5 25 14  2  8.00  50.500  148.000  600.0  7.4
1907  6  1  8 45  0.00   0.000  -82.000    0.0  7.0
1907  6  5  3 18  0.00   0.000  -86.000    0.0  7.0
1907  6 25 17 54 36.00   1.000  127.000  200.0  7.5
1907  7  9 19 54 50.00  14.000  123.000   60.0  7.0
1907  8 17 17 27 54.00  52.000  157.000  120.0  7.2
1907  9  2 16  1 30.00  52.000  173.000    0.0  7.3
1907 10 16 14 57 18.00  28.000 -112.500    0.0  7.2
1907 10 21  4 23 36.00  38.000   69.000    0.0  7.2
1907 12 30  5 26  0.00  12.100  -86.300    0.0  7.2
1908  1 15 12 56  0.00  37.300  141.800   35.0  7.3
1908  2  9 18 13  0.00  26.000  100.000   60.0  7.3
1908  3 26 23  3 30.00  18.000  -99.000   80.0  7.7
1908  3 27  3 45  0.00  17.000 -101.000    0.0  7.0
1908  4 22 23 45  0.00 -38.000   48.000    0.0  7.0
1908  5 15  8 31 36.00  59.000 -141.000    0.0  7.0
1908  8 17 10 32  0.00 -60.000  -40.000    0.0  7.2
1908  8 20  9 53  0.00  32.000   89.000   60.0  7.0
1908 10 24 21 16 36.00  36.500   70.500  220.0  7.0
1908 12 12 12  8  0.00 -14.000  -78.000   60.0  8.2
1908 12 12 12 54 54.00  26.500   97.000    0.0  7.0
1908 12 28  4 20 24.00  38.000   15.500    0.0  7.2
1909  1 23  2 48 18.00  33.000   53.000    0.0  7.0
1909  2 22  9 21 42.00 -18.000 -179.000  550.0  7.6
1909  2 26 16 42  0.00   5.000  -95.000   60.0  7.1
1909  3 12 23 19  0.00  34.500  141.500   35.0  7.1
1909  3 13 14 29  0.00  34.500  141.500   35.0  7.6
1909  4 10 19 36  0.00  52.000  175.000    0.0  7.0
1909  4 14 19 53 42.00  25.000  122.500    5.0  7.1
1909  4 25 22 36  0.00   4.000  127.000  100.0  7.1
1909  4 27 12 44  0.00   0.000  147.000    0.0  7.1
1909  5 17  8  2 54.00 -20.000  -64.000  250.0  7.0
1909  5 30 21  1 18.00  -8.000  131.000  100.0  7.1
1909  6  3 18 40 48.00  -2.000  101.000    0.0  7.2
1909  6  8  5 46 30.00 -26.500  -70.500    0.0  7.2
1909  7  7 21 37 50.00  36.500   70.500  230.0  7.6
1909  7 30 10 51 54.00  17.000 -100.500    0.0  7.6
1909  8 18  0 39 30.00 -22.000  172.000  100.0  7.2
1909  9  8 16 49 48.00  52.500 -169.000   90.0  7.0
1909 10 20 23 41 12.00  30.000   68.000    0.0  7.0
1909 11 10  6 13 30.00  32.300  131.100  150.0  7.5
1909 11 21  7 36  0.00  25.500  122.000    5.0  7.3
1909 12  9 15 33  0.00  -8.000  161.000    0.0  7.0
1910  1  1 11  2  0.00  16.500  -84.000   60.0  7.1
1910  1 30  3 45  0.00 -22.000  170.000    0.0  7.0
1910  2  4 14  0  0.00 -17.000  168.000    0.0  7.0
1910  2 12 18 10  6.00  33.000  138.000  350.0  7.2
1910  3 30 16 55 48.00 -21.000  170.000   80.0  7.1
1910  3 31 18 13  0.00 -71.000   -6.000    0.0  7.1
1910  4 12  0 22 13.00  25.000  123.000  200.0  7.6
1910  4 20 22 22  0.00 -20.000 -177.000  330.0  7.0
1910  5  1 18 30 36.00 -20.000  169.000   80.0  7.1
1910  5 31  4 54  0.00  10.000 -105.000    0.0  7.0
1910  6  1  5 55 30.00 -20.000  169.000   80.0  7.3
1910  6  1  6 48 18.00 -20.000  169.000   80.0  7.1
1910  6 16  6 30 42.00 -19.000  169.500  100.0  7.9
1910  6 29 10 45  0.00 -32.000 -176.000    0.0  7.2
1910  8 21  5 38 36.00 -17.000 -179.000  600.0  7.4
1910  9  1  0 45  0.00  21.000  122.000    0.0  7.0
1910  9  6 19 59  0.00 -25.000  -70.000    0.0  7.1
1910  9  7  7 11 18.00  -6.000  151.000   80.0  7.2
1910  9  9  1 13 18.00  51.500 -176.000   25.0  7.0
1910 10  4 23  0  6.00 -22.000  -69.000  120.0  7.2
1910 11  9  6  2  0.00 -16.000  166.000   70.0  7.5
1910 11 10 12 19 54.00 -14.000  166.500   90.0  7.1
1910 11 14  7 34 31.00  24.500  122.000    0.0  7.0
1910 11 15 14 21 48.00 -58.000  -22.000   60.0  7.2
1910 11 26  4 41 18.00 -14.000  167.000   50.0  7.2
1910 12 10  9 26 42.00 -11.000  162.500   50.0  7.2
1910 12 13 11 37 24.00  -8.000   31.000    0.0  7.6
1910 12 14 20 46 12.00 -21.000 -178.000  600.0  7.2
1910 12 16 14 45  0.00   4.500  126.500    0.0  7.6
1911  1  3 23 25 45.00  43.500   77.500    0.0  7.8
1911  2 18 18 41  3.00  40.000   73.000    0.0  7.2
1911  2 23 11 14 12.00  27.000  128.000    5.0  7.1
1911  4  4 15 43 54.00  36.500   25.500  140.0  7.0
1911  4 10 18 42 24.00   9.000  -74.000  100.0  7.0
1911  5  4 23 36 54.00  51.000  157.000  240.0  7.4
1911  6  7 11  2 42.00  17.500 -102.500    0.0  7.6
1911  6 15 14 26  0.00  28.000  130.000   90.0  8.1
1911  7  4 13 33 26.00  36.000   70.500  190.0  7.4
1911  7  5 18 40  6.00  -7.500  117.500  370.0  7.0
1911  7 12  4  7 36.00   9.000  126.000    0.0  7.5
1911  8 16 22 41 18.00   7.000  137.000    0.0  7.7
1911  8 21 16 28 55.00 -21.000 -176.000  300.0  7.2
1911  9  6  0 54 18.00  46.000  143.000  350.0  7.0
1911  9 15 13 10  0.00 -20.000  -72.000    0.0  7.1
1911  9 17  3 26  0.00  51.000  180.000    0.0  7.1
1911 10 20 17 44  0.00 -12.500  166.000  160.0  7.0
1911 11 22 23  5 24.00 -15.000  169.000  200.0  7.3
1911 12 16 19 14 18.00  17.000 -100.500   50.0  7.6
1912  1 31 20 11 48.00  61.000 -147.500   80.0  7.0
1912  5  6 19  0  0.00  64.000  -20.000    0.0  7.0
1912  5 23  2 24  6.00  21.000   97.000    0.0  7.7
1912  7  7  7 57 36.00  64.000 -147.000    0.0  7.2
1912  7 24 11 59  0.00  -5.000  -80.000    0.0  7.0
1912  8  6 21 11 18.00 -14.000  167.000  260.0  7.3
1912  8  9  1 29  0.00  40.500   27.000    0.0  7.6
1912  8 17 19 11 48.00   4.000  127.000    0.0  7.2
1912  9  1  4 10  0.00  -4.500  155.000  430.0  7.0
1912  9 29 20 51 30.00   7.000  138.000   50.0  7.5
1912 10 18 11 48  0.00  54.600  179.200   60.0  7.1
1912 10 26  9  0 36.00  14.000  146.000  130.0  7.0
1912 11  7  7 40 24.00  57.500 -155.000   90.0  7.3
1912 12  7 22 46 50.00 -29.000  -62.500  620.0  7.3
1912 12  9  8 32 24.00  15.500  -93.000    0.0  7.1
1913  1 11 13 16 54.00   1.500  122.000    0.0  7.2
1913  2 20  8 58 48.00  41.000  144.000    0.0  7.0
1913  3 14  8 45  0.00   4.500  126.500    0.0  7.9
1913  3 23 20 47 18.00  24.000  142.000   80.0  7.1
1913  4 25 17 56  8.00   9.500  128.800    0.0  7.2
1913  5 18  2  8 53.00  14.500  145.500    0.0  7.0
1913  5 30 11 46 46.00  -5.000  154.000    0.0  7.7
1913  6 22 13 49 52.00  48.000 -178.000    0.0  7.2
1913  6 26  4 57 12.00 -20.000 -174.000    0.0  7.7
1913  7 28  5 39 18.00 -17.000  -74.000    0.0  7.0
1913  8  1 17 10 57.00  47.500  155.500    0.0  7.7
1913  8  6 22 14 24.00 -17.000  -74.000    0.0  7.8
1913  8 13  4 25 42.00  -5.500  105.000   75.0  7.3
1913 10 11  4  6  3.00  -7.000  148.000    0.0  7.0
1913 10 14  8  8 48.00 -19.500  169.000  230.0  7.6
1913 11 10 21 12 30.00 -18.000  169.000   80.0  7.2
1913 11 15  5 27  6.00 -23.000  171.000  150.0  7.1
1913 12 21 15 37 48.00  24.500  102.000    0.0  7.2
1914  1 20 12  0 13.00  52.900  159.600   60.0  7.2
1914  1 30  3 36  0.00 -35.000  -73.000    0.0  7.5
1914  2 26  4 58 12.00 -18.000  -67.000  130.0  7.2
1914  3 14 20  0  0.00  39.500  140.400    5.0  7.0
1914  3 30  0 41 18.00  17.000  -92.000  150.0  7.2
1914  4 11 16 30 24.00 -12.000  163.000   50.0  7.2
1914  5 26 14 22 42.00  -2.000  137.000    0.0  7.9
1914  6 20  7 20 30.00 -12.000  166.000   50.0  7.0
1914  6 25 19  7 18.00  -4.500  102.500    0.0  7.6
1914  7  4 23 38 54.00  -5.500  129.000  200.0  7.1
1914  8  4 22 41 36.00  43.500   91.500    0.0  7.2
1914 10  3 17 22 12.00  16.000  -61.000  100.0  7.4
1914 10  3 22  6 34.00  37.500   32.500    0.0  7.1
1914 10 11 16 17  6.00  12.000   94.000   80.0  7.2
1914 10 23  6 18 34.00   6.000  132.500    0.0  7.6
1914 11 22  8 14 18.00 -39.000  176.000  100.0  7.0
1914 11 24 11 53 30.00  22.000  143.000  110.0  7.9
1915  1  5 14 33 15.00 -15.000  168.000  200.0  7.3
1915  1  5 23 26 42.00  25.100  123.300  150.0  7.3
1915  2 25 20 36 12.00 -20.000  180.000  600.0  7.1
1915  2 28 18 59  5.00  23.600  123.500    0.0  7.7
1915  3  8 15 29 43.00  39.000  142.000    0.0  7.0
1915  3 17 18 45  0.00  42.100  143.600   35.0  7.2
1915  5  1  5  0  0.00  47.500  154.500   35.0  7.9
1915  6  6 21 29 37.00 -18.500  -68.500  160.0  7.3
1915  7 31  1 31 24.00  54.000  162.000    0.0  7.5
1915  8  6 13 12  7.00  43.000  150.500    0.0  7.1
1915  9  7  1 20 48.00  14.000  -89.000   80.0  7.4
1915 10  3  6 52 48.00  40.500 -117.500    0.0  7.1
1915 10  8 15 36  3.00  32.800  139.100  200.0  7.0
1915 11  1  7 24  0.00  38.300  142.900   35.0  7.5
1915 11  1  9  1  0.00  38.000  143.000   35.0  7.0
1915 11 18  4  4  0.00  37.700  143.100   35.0  7.0
1915 11 21  0 13 42.00  32.000 -115.000    0.0  7.1
1915 12  3  2 39 19.00  29.500   91.500    0.0  7.0
1916  1  1 13 20 36.00  -4.000  154.000    0.0  7.7
1916  1 13  6 18 30.00  -3.000  136.000    0.0  7.3
1916  1 13  8 20 48.00  -3.000  135.500    0.0  7.6
1916  1 24  6 55  7.00  41.000   37.000    0.0  7.2
1916  2  1  7 36 22.00  29.500  131.500    0.0  7.4
1916  2  6 21 51 19.00  48.500  178.500    0.0  7.7
1916  2 27 20 20 48.00  12.000  -90.000    0.0  7.3
1916  4  7  9 26 12.00 -30.000   55.000    0.0  7.2
1916  4 18  4  1 48.00  53.250 -170.000  170.0  7.4
1916  4 21 11 31 48.00  32.500  141.800   35.0  7.0
1916  4 24  4 26 42.00  18.500  -68.000   80.0  7.0
1916  4 24  8  2 12.00  11.000  -85.000    0.0  7.2
1916  4 26  2 21 30.00  10.000  -85.000    0.0  7.1
1916  6  2 13 59 24.00  17.500  -95.000  150.0  7.0
1916  6 21 21 32 30.00 -28.500  -63.000  600.0  7.4
1916  7  8  9 34 30.00 -18.000  180.000  600.0  7.1
1916  7 27 11 52 42.00   4.000   96.500  100.0  7.0
1916  8  3  1 30  2.00  -4.000  144.500    0.0  7.1
1916  8 25  9 44 42.00 -21.000  -68.000  180.0  7.0
1916  8 28  6 39 42.00  30.000   81.000    0.0  7.2
1916  8 28  7 27  5.00  23.900  120.500    5.0  7.2
1916  9 11  6 30 36.00  -9.000  113.000  100.0  7.1
1916  9 15  7  1 18.00  34.400  141.200   35.0  7.1
1916 10  3  1 26 13.00 -14.000  -74.500    0.0  7.1
1916 10 31 15 30 33.00  45.400  154.000    0.0  7.6
1917  1 30  2 45 36.00  56.500  163.000    0.0  7.7
1917  2 20 19 29 48.00  19.500  -78.500    0.0  7.2
1917  3 15  0 14 11.00  39.700  144.100    0.0  7.1
1917  4 21  0 49 49.00  37.000   70.500  220.0  7.1
1917  5  1 18 26 30.00 -29.000 -177.000    0.0  8.0
1917  5 31  8 47 20.00  54.500 -160.000    0.0  7.5
1917  6 26  5 49 42.00 -15.500 -173.000    0.0  8.5
1917  7  4  0 38 20.00  25.000  123.000    0.0  7.2
1917  7  4  5 36 30.00  25.000  123.000    0.0  7.2
1917  7 27  1  1 18.00  19.000  -67.500   50.0  7.0
1917  7 29 14 32 15.00  41.000  144.000    0.0  7.0
1917  7 29 21 52 24.00  -3.500  141.000    0.0  7.6
1917  7 30 23 54  5.00  29.000  104.000    0.0  7.3
1917  7 31  3 23 10.00  42.000  131.000  500.0  7.4
1917  8 30  4  7 15.00  -7.500  128.000  100.0  7.3
1917  8 31 11 36 24.00   4.000  -74.000    0.0  7.1
1917 11  4 12  3 30.00   4.800   96.800    0.0  7.1
1917 11 16  3 19 30.00 -29.000 -177.500    0.0  7.3
1917 12 29 22 50 20.00  15.000  -97.000    0.0  7.7
1918  1 30 21 18 36.38  45.447  136.741  330.4  7.4
1918  2  7  5 20 33.87   6.778  126.688  218.1  7.2
1918  2 13  6  7 13.98  23.540  117.243   15.0  7.2
1918  4 10  2  3 53.83  43.476  130.919  564.9  7.0
1918  5 20 14 36  5.27   7.341  -34.802   15.0  7.1
1918  5 20 17 55 10.86 -28.899  -71.893   35.0  7.6
1918  5 22  6 30 45.95 -17.470 -176.486   35.0  7.1
1918  7  3  6 52  8.75  -3.471  143.217   35.0  7.2
1918  7  8 10 22  7.82  24.809   90.725   15.0  7.5
1918  8 15 12 18 16.45   5.653  123.563   35.0  8.2
1918  9  7 17 15 43.93  46.812  150.253  242.4  7.6
1918 10 11 14 14 40.77  18.473  -67.631   35.0  7.3
1918 10 27 17  6 40.40  -1.121  150.278   35.0  7.2
1918 11  8  4 38 10.77  43.816  152.775   63.5  7.5
1918 11 18 18 41 44.28  -7.168  129.210   35.0  7.5
1918 11 23 22 57 48.62  -8.283  126.567  217.9  7.1
1918 12  4 11 47 38.96 -27.275  -73.464   25.0  7.5
1919  1  1  1 33 50.08   7.184  126.937   35.0  7.1
1919  1  1  3  0  4.31 -19.971 -177.914  202.7  7.7
1919  3  2  3 26 51.42 -41.401  -72.222   15.0  7.2
1919  3  2 11 45 16.16 -42.284  -76.452   15.0  7.1
1919  4 30  7 17 12.50 -19.823 -172.215   35.0  8.2
1919  5  3  0 52  6.68  41.007  145.233   35.0  7.3
1919  5  6 19 40 38.07  -5.477  152.629  232.8  7.6
1919  6  1  6 51  4.83  27.074  123.315   35.0  7.1
1919  8 18 16 55 22.31 -19.762 -178.108  214.6  7.0
1919  8 29  5 44  5.51  -2.682  127.493   35.0  7.0
1919  8 31 17 20 35.12 -15.880  167.337   35.0  7.3
1919 12 20 19 33  0.00  22.500  122.500   35.0  7.1
1919 12 20 20 37 40.85  23.536  121.212   35.0  7.0
1920  2  2 11 22 14.15  -6.474  151.685   35.0  7.6
1920  2 22 17 35 50.56  47.250  146.238  355.1  7.1
1920  3 20 18 31 23.98 -35.697 -110.833   15.0  7.0
1920  6  5  4 21 35.40  23.813  122.080   35.0  7.9
1920  9 20 14 39  5.91 -19.919  168.530   35.0  7.8
1920 10 18  8 11 38.46  45.548  149.401   35.0  7.1
1920 12 10  4 25 41.01 -39.456  -74.988   35.0  7.2
1920 12 16 12  5 54.68  36.601  105.317   25.0  8.6
1921  2  4  8 22 43.75  15.411  -90.780   35.0  7.4
1921  2 27 18 23 39.98 -18.647 -173.185   35.0  7.1
1921  3 28  7 49 33.19  13.356  -87.361   35.0  7.2
1921  4  2  9 36  0.00  23.000  123.000   35.0  7.2
1921  7  4 14 18 12.48  28.885  129.915   35.0  7.4
1921  9 11  4  1 25.97 -13.095  110.177   25.0  7.3
1921  9 13  2 36 56.38 -56.259  -28.622   35.0  7.0
1921 10 20  6  3 20.64 -20.060  -68.956  113.6  7.2
1921 11 11 18 36 26.18   7.897  127.257   35.0  7.3
1921 11 15 20 36 33.78  36.116   70.724  152.1  7.6
1921 12  8 12 31  0.00  36.000  140.200   35.0  7.0
1921 12 18 15 29 28.77  -4.043  -71.223  544.8  7.5
1922  1  6 14 10 43.80 -20.408  -76.389   25.0  7.1
1922  1  9  5  9 33.82  23.220  -45.931   15.0  7.0
1922  1 17  3 50  1.48  -6.482  -71.859  358.5  7.4
1922  1 31 13 17 28.70  40.700 -125.553   15.0  7.3
1922  3  4 13  7 44.66  52.924  157.181  241.4  7.1
1922  3 28  3 58  1.32 -21.454  -68.130  136.4  7.1
1922  9  1 19 16  9.16  24.506  122.040   35.0  7.5
1922  9 14 19 31 42.51  24.378  122.644   35.0  7.1
1922 10 11 14 50  6.05 -16.125  -72.385  160.0  7.6
1922 10 24 21 21  3.41  47.267  152.190   35.0  7.3
1922 11  7 23  0 15.46 -28.441  -72.193   25.0  7.1
1922 11 11  4 32 45.21 -28.553  -70.755   35.0  8.7
1922 12  6 13 55 41.05  36.445   70.939  239.9  7.3
1922 12 31  7 20 11.42  45.738  150.805   35.0  7.0
1923  1 22  9  4 19.50  40.487 -125.324   15.0  7.2
1923  2  2  5  7 42.65  54.019  161.521   35.0  7.1
1923  2  3 16  1 48.84  53.853  160.761   35.0  8.5
1923  2 24  7 34 44.19  55.937  162.623   35.0  7.2
1923  3  2 16 48 44.62   7.487  124.928   86.6  7.1
1923  3 16 22  1 43.73   6.495  127.058   35.0  7.0
1923  3 24 12 40 19.93  30.553  101.258   25.0  7.2
1923  4 13 15 31  0.32  55.415  162.585   35.0  7.1
1923  5  4 16 26 46.62  55.765 -156.986   25.0  7.1
1923  6  1 17 24 46.54  35.674  141.767   35.0  7.1
1923  6  1 20 14  0.00  36.000  142.000   35.0  7.1
1923  6 22  6 44 38.45  22.589   98.681   25.0  7.2
1923  7 13 11 13 41.18  31.000  130.900   35.0  7.1
1923  9  1  2 58 37.04  35.405  139.084   35.0  7.9
1923  9  1  3  3  0.00  35.100  139.500   35.0  7.3
1923  9  1  3 48  0.00  35.400  139.800   35.0  7.0
1923  9  2  2 46 46.46  34.900  140.200   35.0  7.6
1923  9  2  9 27  0.00  34.900  140.500   35.0  7.1
1923  9  9 22  3 53.19  24.943   90.320   35.0  7.1
1923 10  7  3 29 42.10  -1.201  129.486   35.0  7.2
1923 11  2 21  8 11.47  -4.653  154.232  145.1  7.2
1923 11  5 21 28  2.17  29.646  129.636   35.0  7.1
1924  1 14 20 50  0.00  35.500  139.200    5.0  7.3
1924  1 16 21 37 59.16 -22.028 -177.909  350.0  7.0
1924  3  4 10  7 52.52   9.557  -83.844   35.0  7.0
1924  4 14 16 20 41.39   7.023  125.954   35.0  8.2
1924  5  4 16 51 51.41 -21.504 -178.441  561.9  7.2
1924  5  6 16  9 31.31  15.935  118.950   35.0  7.0
1924  5 28  9 52  0.46  48.385  145.748  431.8  7.0
1924  6 26  1 37 32.52 -56.407  158.489   15.0  8.3
1924  6 30 15 44 25.83  44.737  147.416  139.6  7.2
1924  7  3  4 40 14.80  36.632   83.903   35.0  7.1
1924  7 11 19 44 45.22  36.791   83.958   35.0  7.1
1924  7 24  4 55 22.15 -49.862  159.824   35.0  7.0
1924  8 14 18  2 39.82  36.133  141.892   35.0  7.0
1924  8 30  3  5  2.53   8.645  126.531   35.0  7.2
1924 10 13 16 17 46.10  36.522   70.831  179.4  7.2
1924 12 27 11 21 53.63  44.159  146.370   35.0  7.0
1924 12 28 22 55  4.84  43.397  146.579   35.0  7.0
1925  1 18 12  5 57.21  47.912  153.635   35.0  7.2
1925  2 20  1  2  0.00  45.500  150.500   35.0  7.0
1925  3 16 14 42 18.83  25.688  100.494   25.0  7.0
1925  3 22  8 42  0.29 -18.581  168.529   35.0  7.1
1925  4 16 19 52 43.63  21.798  121.111   35.0  7.1
1925  5  3 17 21 47.54   1.216  126.576   35.0  7.1
1925  5  3 22 59  6.16 -34.107   57.950   15.0  7.0
1925  5 15 11 57  5.35 -25.500  -70.546   35.0  7.1
1925  6  3  4 33 59.58   1.467  126.193   35.0  7.0
1925  6  9 13 40 22.92  -4.142  143.098   35.0  7.0
1925  8 19 12  7 33.68  55.132  167.680   35.0  7.0
1925 10 13 17 40 37.69  10.604  -42.129   15.0  7.0
1925 11 10 13 50 40.93  -0.633  130.267   35.0  7.2
1925 11 13 12 14 53.39  12.726  124.849   35.0  7.2
1925 11 16 11 55  1.40  18.375 -106.809   25.0  7.0
1926  1 25  0 36 29.34  -9.994  159.027   35.0  7.2
1926  2  8 15 17 57.37  12.011  -88.758   35.0  7.1
1926  3 21 14 19 14.30 -60.631  -23.673   35.0  7.1
1926  3 27 10 48 21.15  -8.563  160.554   35.0  7.1
1926  4 12  8 32 34.09 -10.709  160.626   35.0  7.2
1926  4 28 11 13 39.35 -22.665  -68.164   35.0  7.1
1926  6  3  4 47  3.84 -15.048  168.192   77.2  7.1
1926  6 26 19 46 40.95  36.605   26.888  101.8  7.7
1926  6 29 14 27  3.83  26.986  127.473  142.2  7.4
1926  8 25  5 44 47.88 -23.007  171.822   35.0  7.0
1926  8 30 11 38  9.72  36.901   22.996   85.2  7.1
1926  9 10 10 34 27.82  -9.152  110.701   35.0  7.0
1926 10  3 19 38  1.68 -49.809  161.703   15.0  7.3
1926 10 13 19  8 16.91  51.771 -175.361   35.0  7.0
1926 10 26  3 44 43.59  -3.219  139.097   35.0  7.5
1926 11  5  7 55 30.08  12.670  -86.736   35.0  7.1
1927  1 24  1  5 47.48 -18.388  168.226   35.0  7.1
1927  2 16  1 35 27.68  46.617  153.073   35.0  7.0
1927  3  3  1  5 14.91  -6.617  121.807   35.0  7.0
1927  3  7  9 27 42.06  35.802  134.924    9.6  7.6
1927  4  1 19  5 38.46 -19.802 -177.478   35.0  7.0
1927  4 14  6 23 30.32 -32.477  -69.675   35.0  7.2
1927  4 19 17 30 11.54  15.250  120.454  139.1  7.1
1927  5 22 22 32 48.05  37.386  102.311   25.0  7.9
1927  6  3  7 12 17.97  -7.071  130.960  169.0  7.2
1927  7  1  8 18 58.51  36.381   22.723   35.0  7.0
1927  8  5 21 12 58.84  37.873  142.191   35.0  7.1
1927  8 10 11 36 15.72  -0.534  131.673   35.0  7.1
1927 10 24 15 59 56.23  57.440 -136.373   15.0  7.1
1927 11  4 13 51  4.75  34.915 -121.031   15.0  7.1
1927 11 21 23 12 30.91 -45.112  -73.622   15.0  7.1
1927 11 26 12 54  0.41 -24.320  -66.963  179.3  7.0
1927 12 28 18 20 34.18  55.663  160.039   35.0  7.5
1928  3  9 18  5 27.79  -2.954   88.801   15.0  7.7
1928  3 13 18 31 35.12  -7.213  153.873   35.0  7.0
1928  3 16  5  1 10.18 -22.281  170.476   35.0  7.5
1928  3 22  4 17  8.36  16.127  -96.505   35.0  7.5
1928  3 29  5  6  8.44  31.682  137.730  433.9  7.0
1928  5 14 22 14 51.45  -5.261  -78.559   35.0  7.2
1928  5 27  9 50 27.50  39.813  142.999   35.0  7.1
1928  6 15  6 12 42.29  12.732  120.819   35.0  7.0
1928  6 17  3 19 33.05  16.028  -97.036   35.0  7.7
1928  6 29 22 49 45.45 -15.664  170.701   35.0  7.1
1928  8  4 18 26 20.00  16.418  -98.266   35.0  7.2
1928  8 12  8  8 44.59   1.834  127.243   35.0  7.0
1928  8 24 21 43 31.13 -14.287  168.497  220.0  7.0
1928 10  9  3  1 14.23  16.229  -97.550   35.0  7.5
1928 12  1  4  6 15.18 -35.086  -71.683   35.0  7.7
1928 12 19 11 37 17.21   6.977  124.856   35.0  7.3
1929  1 13  0  3  3.19  50.447  154.872   35.0  7.4
1929  2  1 17 14 26.02  36.459   70.931  207.9  7.0
1929  2 22 20 41 49.76  10.482  -41.883   15.0  7.0
1929  3  7  1 34 42.84  50.786 -169.524   25.0  7.8
1929  5  1 15 37 37.06  37.957   57.693   25.0  7.1
1929  5 26 22 40  2.64  51.235 -130.556   15.0  7.0
1929  6  4 15 15 24.40   6.021  125.639   35.0  7.1
1929  6 13  9 24 38.70   7.945  126.806   35.0  7.1
1929  6 16 22 47 32.16 -41.831  172.292   35.0  7.5
1929  6 27 12 47 14.90 -54.714  -29.549   35.0  8.0
1929  7  5 14 19  8.66  51.424 -178.136   35.0  7.0
1929  7  7 21 23 16.52  51.347 -177.910   35.0  7.2
1929 10 19 10 12 51.43 -23.038  -68.737   35.0  7.4
1929 11 15 18 50 32.21   7.522  142.735   25.0  7.1
1929 11 18 20 32  0.76  44.539  -56.008   15.0  7.3
1929 12 17 10 58 44.27  53.783  171.512   35.0  7.7
1930  1  5  1 19 48.67  49.964  153.580  107.9  7.0
1930  5  5 13 45 59.82  17.665   96.543   35.0  7.2
1930  5  6 22 34 27.78  38.152   44.685   25.0  7.1
1930  6 11  0 49 42.60  -5.873  148.886   35.0  7.1
1930  7  2 21  3 44.64  25.641   90.245   35.0  7.1
1930 10 24 20 15 12.95  18.351  146.570   35.0  7.0
1930 12  3 18 51 49.75  17.972   96.422   35.0  7.3
1930 12 21 14 51 12.94  19.986  121.585   35.0  7.0
1931  1 15  1 50 47.14  16.053  -96.614   35.0  7.8
1931  1 27 20  9 22.08  25.675   96.755   35.0  7.6
1931  1 28 21 24 10.91  10.778  144.803   35.0  7.1
1931  2  2 22 46 51.27 -39.772  176.025   35.0  7.7
1931  2 10  6 34 32.97  -5.433  102.458   35.0  7.1
1931  2 13  1 27 22.60 -39.479  176.813   35.0  7.1
1931  2 20  5 33 27.26  44.430  135.642  356.7  7.4
1931  3  2  2 18 25.21 -21.828  171.147   35.0  7.0
1931  3  9  3 48 56.79  40.484  142.664   35.0  7.7
1931  3 18  8  2 23.21 -33.825  -71.546   35.0  7.1
1931  3 28 12 38 48.11  -7.369  129.491  150.9  7.2
1931  5 20  2 22 53.80  37.472  -16.072   25.0  7.1
1931  8  7  2 11 43.36  -2.859  142.079   35.0  7.1
1931  8 10 21 18 47.70  46.571   89.965   35.0  7.9
1931  8 18 14 21  8.04  47.290   90.118   35.0  7.2
1931  8 27 15 27 24.58  29.473   67.172   35.0  7.1
1931  9  9 20 38 28.40  19.152  145.489  171.8  7.1
1931  9 25  5 59 52.21  -5.178  102.511   35.0  7.3
1931 10  3 19 13 20.80 -10.932  161.016   35.0  7.8
1931 10  3 21 55 14.70 -12.684  163.187   35.0  7.0
1931 10  3 22 47 47.55 -10.913  161.403   35.0  7.1
1931 10 10  0 20  1.55  -9.968  161.194   50.2  7.7
1931 11  2 10  3  3.46  32.003  131.945   42.2  7.5
1932  1  9 10 21 48.25  -6.083  154.445  387.6  7.2
1932  1 29 13 41 16.27  -6.808  155.035   53.8  7.1
1932  5 14 13 11  5.73   0.258  126.169   35.0  8.1
1932  5 26 16  9 39.28 -25.399  179.049  568.8  7.5
1932  6  3 10 36 53.57  19.457 -104.146   25.0  7.9
1932  6 18 10 12 16.14  19.452 -103.632   54.3  7.9
1932  8 14  4 39 39.35  25.765   95.655  143.9  7.0
1932  9 23 14 22 15.05  44.486  138.722  350.0  7.0
1932 11 13  4 46 28.87  43.841  136.881   35.0  7.1
1932 12  4  8 11 20.88   2.387  121.019   45.8  7.1
1932 12 21  6 10  9.27  38.510 -118.084   15.0  7.2
1932 12 25  2  4 31.96  39.771   96.690   25.0  7.6
1933  1  1  8 48 45.87 -14.754  167.502  147.0  7.0
1933  1 21 19 21 14.08 -33.505   57.732   15.0  7.1
1933  2 23  8  9 20.78 -20.297  -69.965   35.0  7.2
1933  3  2 17 31  0.92  39.224  144.622   35.0  8.4
1933  3 17 15 55 30.10  54.857  161.601   35.0  7.0
1933  6 18 21 37 37.73  38.280  142.510   35.0  7.2
1933  6 24 21 54 49.45  -5.522  104.434   35.0  7.3
1933  8 25  7 50 32.50  31.810  103.541   25.0  7.3
1933  8 28 22 19 46.71 -59.439  -26.643   35.0  7.2
1933  9  6 22  8 31.47 -21.948 -179.243  587.4  7.0
1933 10 25 23 28 15.68 -23.686  -66.650  206.5  7.0
1933 11 20 23 21 35.30  72.996  -70.116   15.0  7.4
1933 12  4 19 33 58.88  46.192  144.592  352.6  7.1
1934  1 15  8 43 25.39  26.773   86.762   35.0  8.1
1934  2 14  3 59 41.76  17.404  119.190   35.0  7.5
1934  2 24  6 23 46.84  22.878  144.067   35.0  7.2
1934  2 28 14 21 55.71  -5.234  149.484   35.0  7.1
1934  3  1 21 45 19.50 -40.925  -72.877   35.0  7.3
1934  3  5 11 46 19.39 -40.643  175.738   35.0  7.3
1934  3 24 12  4 34.23 -10.065  160.803   35.0  7.1
1934  4 15 22 15 19.52   7.526  126.857   35.0  7.1
1934  5  4  4 36 10.59  61.519 -147.599   35.0  7.1
1934  6 13 22 10 22.97  27.428   62.594   35.0  7.0
1934  6 29  8 26 14.71  -7.083  123.166  647.7  7.0
1934  7 18  1 36 28.23   8.045  -82.480   25.0  7.6
1934  7 18 19 40 23.95 -11.907  166.731   35.0  7.8
1934  7 19  1 27 32.87  -0.793  133.354   35.0  7.0
1934  7 21  6 18 23.29 -11.139  165.503   35.0  7.1
1934  8 12 23 49 23.45   8.030  126.776   35.0  7.0
1934 10 10 15 42  9.85 -23.748  179.782  529.8  7.2
1934 11 30  2  5 18.70  18.679 -105.319   25.0  7.0
1934 12 15  1 57 43.63  31.013   89.080   35.0  7.1
1934 12 31 18 45 56.83  32.685 -115.761   15.0  7.1
1935  1  1 13 20 35.21 -15.719 -174.526   35.0  7.0
1935  2 22 17  6  1.30  53.273  175.017   35.0  7.1
1935  4 19 15 23 23.62  31.243   15.300   15.0  7.1
1935  4 20 22  2  2.86  24.364  120.613   35.0  7.1
1935  5 30 21 32 56.84  28.894   66.176   35.0  8.1
1935  6 24 23 23 18.49 -15.550  167.872  141.6  7.1
1935  7 29  7 38 51.23 -21.537 -177.919  454.9  7.1
1935  8  3  1 10  7.25   4.430   96.326   35.0  7.0
1935  8 17  1 44 37.93 -22.098  171.646   35.0  7.2
1935  9  4  1 37 46.26  22.259  121.257   35.0  7.1
1935  9  9  6 17 38.81   6.228  141.717   35.0  7.0
1935  9 11 14  4  3.22  43.290  146.634   35.0  7.2
1935  9 20  1 46 42.75  -3.920  141.330   35.0  8.1
1935  9 20  5 23  9.97  -3.583  142.905   35.0  7.0
1935 10 12 16 45 25.32  40.266  143.318   35.0  7.1
1935 10 18  0 11 59.56  40.394  144.156   35.0  7.1
1935 12 14 22  5 25.32  14.718  -92.484   35.0  7.2
1935 12 15  7  7 54.97  -9.590  161.145   35.0  7.5
1935 12 17 19 17 36.05  22.525  125.747   25.0  7.1
1935 12 28  2 35 29.98  -0.345   98.147   35.0  7.8
1936  1  2 22 34 28.49  -0.279   98.872   35.0  7.0
1936  1 20 16 56 18.68   6.031  127.130   35.0  7.0
1936  2 15 12 47  2.16  -4.362  133.285   35.0  7.1
1936  4  1  2  9 27.67   4.165  126.521   35.0  7.7
1936  4 19  5  7 19.63  -7.674  156.473   35.0  7.2
1936  5 27  6 19 17.64  28.345   83.283   35.0  7.0
1936  6 10  8 23 21.00  -5.500  147.000  190.0  7.0
1936  6 30 15  6 44.98  51.274  160.885   35.0  7.2
1936  7  5 18 55 14.30   5.856  127.024   35.0  7.3
1936  7 13 11 12 17.49 -24.715  -70.023   35.0  7.1
1936  8 22 11  9 19.66  21.949  121.186   35.0  7.2
1936  8 23 21 12 13.89   5.296   94.759   35.0  7.1
1936  9 19  1  1 49.11   3.648   97.551   35.0  7.1
1936 10  5  9 44 25.59   1.633  126.237   35.0  7.0
1936 11  2 20 45 59.06  38.337  142.151   35.0  7.1
1936 11 13 12 31 34.10  56.038  163.458   35.0  7.1
1937  1  7 13 20 41.16  35.404   97.667   15.0  7.6
1937  1 23 10 55 58.48  -5.290  152.757   35.0  7.0
1937  1 25  6 34  5.07 -10.847  162.794   35.0  7.1
1937  2 21  7  2 44.48  44.241  149.605   56.0  7.3
1937  4 16  3  1 37.98 -20.768 -177.144  348.8  7.5
1937  6 21 15 13  5.90  -8.443  -79.853   42.0  7.1
1937  7  2  2 37 16.67 -13.857  167.049   35.0  7.0
1937  7 19 19 35 27.96  -1.978  -76.397  184.2  7.1
1937  7 22 17  9 35.29  64.494 -146.854   35.0  7.3
1937  7 26  3 47  9.40  18.523  -95.878   35.0  7.2
1937  7 26 19 56 34.47  38.396  142.170   35.0  7.1
1937  8 11  0 55 48.31  -9.675  117.533   35.0  7.2
1937  8 20 11 59 22.27  14.318  121.547   35.0  7.3
1937  9  3 18 48 11.02  52.447 -177.398   35.0  7.2
1937  9  8  0 40 14.76 -56.541  -26.912  219.4  7.1
1937  9 15 12 27 32.00 -10.500  161.500   80.0  7.2
1937  9 27  8 55 16.54  -9.027  110.802   35.0  7.0
1937 11 14 10 58 13.07  36.569   70.670  199.7  7.1
1937 12  8  8 32 15.03  22.872  121.010   38.8  7.0
1937 12 23 13 18  6.17  17.431  -98.287   35.0  7.4
1938  1 24 10 31 50.12 -60.547  -35.582   15.0  7.0
1938  2  1 19  4 21.58  -5.050  131.620   35.0  8.4
1938  5 12 15 39  5.76  -6.271  147.803   35.0  7.3
1938  5 19 17  8 36.09  -0.366  119.525   49.4  7.5
1938  5 23  7 18 32.52  36.458  141.755   35.0  7.7
1938  5 23  8 21 54.13  18.053  119.994   35.0  7.0
1938  5 30 14 29 52.20 -19.882  169.165   35.0  7.0
1938  6  9 19 15 11.39  -3.145  126.928   25.0  7.0
1938  6 10  9 53 44.56  25.208  125.115   35.0  7.6
1938  6 16  2 15 19.70  27.585  129.539   35.0  7.2
1938  8 16  4 27 56.73  22.957   93.884   35.0  7.1
1938  9  7  4  3 23.75  23.737  121.408   47.4  7.0
1938 10 10 20 48 10.62   2.386  126.553   35.0  7.2
1938 10 20  2 19 24.46  -9.268  123.243   35.0  7.3
1938 11  5  8 43 22.59  37.009  142.045   35.0  7.9
1938 11  5 10 50 16.80  37.108  142.081   35.0  7.8
1938 11  6  8 53 55.01  37.287  142.283   35.0  7.7
1938 11  6 21 38 46.22  36.867  142.625   35.0  7.0
1938 11 10 20 18 46.98  55.328 -158.370   35.0  8.2
1938 11 13 22 31 32.86  36.727  142.360   35.0  7.0
1938 11 17  3 54 40.54  55.224 -157.551   35.0  7.2
1938 12  6 23  0 55.61  22.614  121.398   39.0  7.0
1939  1 25  3 32  0.00 -36.200  -72.200    0.0  7.7
1939  1 30  2 18 29.97  -7.080  155.386   35.0  7.7
1939  2  3  5 26 26.47  -9.479  159.363   35.0  7.1
1939  3  2  7  0 20.08  -4.383  143.155   35.0  7.0
1939  3 21  1 11 13.64  -1.285   89.401   15.0  7.0
1939  4  5 16 42 45.00 -19.712  168.984   35.0  7.0
1939  4 18  6 22 43.76 -27.138  -70.705   35.0  7.3
1939  4 30  2 55 29.09  -9.295  159.234   35.0  7.9
1939  5  1  5 58 32.60  39.839  139.969   35.0  7.0
1939  6  8 20 46 51.44 -15.269 -173.931   35.0  7.0
1939  8 12  2  7 29.23 -16.058  168.154  172.4  7.0
1939 10 10 18 32  0.64  38.666  143.151   35.0  7.2
1939 10 17  6 22 11.38 -14.809  167.289  101.0  7.3
1939 12 16 10 46 31.24  43.624  147.797   35.0  7.1
1939 12 21 20 54 53.33   9.986  -84.546   35.0  7.2
1939 12 21 21  0 33.15  -0.208  122.565   35.0  7.8
1939 12 26 23 57 22.58  39.770   39.533   35.0  7.8
1940  1  6 14  3 29.69 -21.690  170.781   79.7  7.2
1940  1 17  1 14 58.67  17.244  148.218   31.3  7.3
1940  2 20  2 18 23.65 -13.776  167.138  190.5  7.0
1940  4 16  6 43  9.65  52.818  173.345   35.0  7.1
1940  5 24 16 33 58.11 -11.119  -77.629   50.1  7.5
1940  5 28  9 40 47.81  -2.318  139.150   35.0  7.0
1940  7 10  5 49 58.58  44.386  130.777  577.6  7.3
1940  7 14  5 52 54.38  52.117  178.159   35.0  7.4
1940  8  1 15  8 26.37  44.508  139.829   35.0  7.5
1940  8 22  3 27 18.00  53.000 -165.500   60.0  7.0
1940  9 12 13 17 10.00  -4.500  153.000   40.0  7.1
1940  9 19 18 19 48.00 -24.000  171.000   80.0  7.0
1940  9 22 22 51 56.00   8.000  124.000  680.0  7.0
1940 10  4  7 54 50.11 -20.592  -70.718   23.5  7.1
1940 10 11 18 41 13.73 -42.042  -73.933   15.0  7.0
1940 11 10  1 39  8.36  45.773   26.655  122.0  7.3
1940 12 28 16 37 46.60  18.140  147.527   35.0  7.3
1941  1 13 16 27 40.11  -4.720  152.316   35.0  7.0
1941  2  4 14  3 19.77  10.078  123.998  602.4  7.0
1941  4  3 15 21 30.67 -22.579  -66.642  150.1  7.2
1941  4  7 23 29 18.66  17.265  -78.591   15.0  7.0
1941  4 15 19  9 57.05  18.677 -102.957   35.0  7.6
1941  5 17  2 24 58.50 -10.462  166.139   35.0  7.2
1941  6 26 11 52  6.63  12.149   92.478   49.1  7.7
1941  8  2 11 41 29.10 -29.767 -177.606   35.0  7.1
1941  9  4 10 21 40.93  -5.073  153.686   35.0  7.1
1941  9 18 13 14  9.68 -13.928  -72.294   61.0  7.0
1941 11  8 23 37 28.40   0.724  122.857   35.0  7.2
1941 11 15  4 19 57.28 -59.802  -26.993   35.0  7.1
1941 11 18 10 14 41.75 -60.757  -55.375   35.0  7.1
1941 11 18 16 46  0.00  32.000  132.000    0.0  7.7
1941 11 24 21 46 21.88 -28.276 -177.611   35.0  7.0
1941 11 25 18  3 58.73  37.171  -18.960   25.0  8.1
1941 12  5 20 47  4.38   8.752  -83.158   35.0  7.3
1941 12  6 21 24 44.70   8.143  -84.401   35.0  7.0
1941 12 16 19 19 45.66  23.251  120.391   35.0  7.1
1941 12 26 14 48  3.14  21.076   99.145   25.0  7.0
1942  1 27 13 29 11.32  -4.325  134.838   18.4  7.1
1942  1 29  9 23 48.86 -19.321  169.042  117.7  7.0
1942  3  5 19 48 18.99  44.272  141.632  259.0  7.0
1942  4  8 15 40 28.80  12.845  120.553   41.3  7.3
1942  5 14  2 13 28.33   0.012  -79.902   35.0  7.8
1942  5 28  1  1 54.96  -0.074  123.780  104.2  7.4
1942  6 14  3  9 57.96  14.548  148.008   48.7  7.0
1942  6 18  9 31  0.86   9.123  140.101   35.0  7.0
1942  6 24 11 16 30.70 -41.534  175.630   35.0  7.0
1942  7  8  6 55 43.08 -24.602  -70.189   35.0  7.0
1942  8  6 23 37  0.43  13.780  -90.913   35.0  7.7
1942  8 24 22 50 31.73 -14.975  -74.920   35.0  7.7
1942 10 20 23 21 52.16   7.731  122.595   35.0  7.2
1942 11 10 11 41 28.11 -49.726   29.947   15.0  8.0
1942 11 26 14 27 31.50  45.405  150.175   76.0  7.4
1942 11 28 10 38 46.57   7.280  -35.644   15.0  7.1
1942 12 20 14  3 11.12  40.671   36.450   35.0  7.2
1943  2 22  9 20 45.00  17.750 -101.500    0.0  7.4
1943  2 28 12 54 33.00  36.500   70.500  210.0  7.1
1943  3  9  9 48 55.00 -60.000  -27.000    0.0  7.1
1943  3 14 18 37 56.00 -20.000  -69.500  150.0  7.1
1943  3 21 20 35 43.00  -5.750  152.250    0.0  7.1
1943  3 25 18 27 15.00 -60.000  -27.000    0.0  7.0
1943  4  1 14 18  8.00  -6.500  105.500    0.0  7.1
1943  4  6 16  7 15.00 -30.750  -72.000    0.0  8.2
1943  5  2 17 18  9.00   6.500  -80.000    0.0  7.0
1943  5  3  1 59 12.00  12.500  125.500    0.0  7.2
1943  5 25 23  7 36.00   7.500  128.000    0.0  7.6
1943  6  8 20 42 46.00  -1.000  101.000   50.0  7.2
1943  6  9  3  6 22.00  -1.000  101.000   50.0  7.5
1943  6 13  5 11 49.00  42.750  143.250   60.0  7.1
1943  7 23 14 53  9.00  -9.500  110.000   90.0  7.6
1943  7 29  3  2 16.00  19.250  -67.500    0.0  7.6
1943  9  6  3 41 30.00 -53.000  159.000    0.0  7.6
1943  9 10  8 36 53.00  35.250  134.000    0.0  7.0
1943  9 14  2  1 12.00 -22.000  171.000   50.0  7.2
1943  9 14  3 47 15.00 -22.000  170.000   50.0  7.1
1943  9 14  7 18  8.00 -30.000 -177.000   60.0  7.4
1943  9 27 22  3 44.00 -30.000 -178.000   90.0  7.0
1943 10 23 17 23 16.00  26.000   93.000    0.0  7.1
1943 11  2 18  8 22.00 -57.000  -26.000    0.0  7.2
1943 11  3 14 32 17.00  61.750 -151.000    0.0  7.2
1943 11  6  8 31 37.00  -6.000  134.500    0.0  7.6
1943 11 13 18 43 57.00 -19.000  170.000    0.0  7.2
1943 11 26 21 25 22.00  -2.500  100.000  130.0  7.1
1943 11 26 22 20 36.00  41.000   34.000    0.0  7.5
1943 12  1  6  4 55.00  -4.750  144.000  120.0  7.3
1943 12  1 10 34 46.00 -19.500  -69.750   80.0  7.1
1943 12 23 19  0 10.00  -5.500  153.500   50.0  7.2
1944  1  7  2 49 20.00  -4.500  143.500  120.0  7.0
1944  1 15 23 49 30.00 -31.250  -68.750   50.0  7.1
1944  2  1  3 22 36.00  41.500   32.500    0.0  7.2
1944  2 29  3 41 53.00 -14.500  -70.500  200.0  7.1
1944  2 29 16 28  7.00   0.500   76.000    0.0  7.1
1944  3  9 22 12 58.00  44.000   84.000    0.0  7.1
1944  3 22  0 43 18.00  -8.500  123.500  220.0  7.2
1944  3 31  2 51 43.00  -7.000  130.500   60.0  7.0
1944  4 27 14 38  9.00  -0.500  133.500   50.0  7.2
1944  5 19  0 19 19.00  -2.500  152.750   50.0  7.0
1944  5 25  1  6 37.00 -21.500 -179.500  640.0  7.0
1944  5 25 12 58  5.00  -2.500  152.750    0.0  7.3
1944  6 21 10 58 20.00 -22.000  169.000   50.0  7.0
1944  6 28  7 58 54.00  15.000  -92.500    0.0  7.1
1944  7 27  0  4 23.00  54.000 -165.500   70.0  7.1
1944  9 23 12 13 20.00  54.000  160.000   40.0  7.1
1944 10  5 17 28 27.00 -22.500  172.000  120.0  7.3
1944 11 15 20 47  1.00   4.500  127.500    0.0  7.0
1944 11 16 12 10 58.00 -12.500  167.000    0.0  7.2
1944 11 24  4 49  3.00 -19.000  169.000  170.0  7.4
1944 11 29 18 51 21.00 -19.000  169.000  170.0  7.1
1944 12  7  4 35 42.00  33.750  136.000    0.0  8.1
1944 12 10 16 24 58.00 -18.000  168.000   50.0  7.0
1945  2  1 10 35 51.00 -22.000  170.000   60.0  7.0
1945  2  1 12 13 40.00 -22.000  170.000   60.0  7.2
1945  2 10  4 57 56.00  41.250  142.500   50.0  7.1
1945  3 23 23 14 13.00 -62.000  153.000    0.0  7.0
1945  4 15  2 35 22.00  57.000  164.000    0.0  7.1
1945  6  3 13  5 33.00   8.400  -82.700   80.0  7.0
1945  7 15  5 35 13.00  17.500  146.500  120.0  7.1
1945  8 29 10 22 40.00 -15.000  168.000   50.0  7.1
1945  9  1 22 44 10.00 -46.500  165.500    0.0  7.1
1945  9  5 21 48 45.00  -5.000  153.500   50.0  7.1
1945  9 13 11 17 11.00 -33.250  -70.500  100.0  7.0
1945 10  9 14 36 33.00  43.500  147.500   80.0  7.0
1945 11 27 21 56 50.00  24.500   63.000    0.0  8.0
1945 12  8  1  4  2.00  -6.500  151.000    0.0  7.1
1945 12 28 17 48 45.00  -6.000  150.000    0.0  7.6
1946  1  5 19 57 20.00 -16.000  167.000   50.0  7.1
1946  1 17  9 39 35.00  -7.500  147.500  100.0  7.2
1946  4  1 12 28 54.00  52.750 -163.500    0.0  7.3
1946  4 11  1 52 20.00  -1.000  -14.500    0.0  7.2
1946  5  3 22 23 43.00  -6.000  154.000    0.0  7.2
1946  5  8  5 20 22.00   0.000   99.500    0.0  7.1
1946  6 23 17 13 22.00  49.750 -124.500    0.0  7.6
1946  7  9 13 13 50.00 -19.000  169.000  170.0  7.2
1946  8  2 19 18 48.00 -26.500  -70.500   50.0  7.1
1946  8  4 17 51  5.00  19.250  -69.000    0.0  7.9
1946  8  8 13 28 28.00  19.500  -69.500    0.0  7.5
1946  8 28 22 28 15.00 -26.000  -63.000  580.0  7.1
1946  9 12 15 17 15.00  23.500   96.000    0.0  7.3
1946  9 12 15 20 20.00  23.500   96.000    0.0  7.7
1946  9 23 23 30  0.00  -6.000  145.000  100.0  7.1
1946  9 29  3  1 55.00  -4.500  153.500    0.0  7.6
1946 11  1 11 14 24.00  51.500 -174.500   40.0  7.0
1946 11  2 18 28 25.00  41.500   72.500    0.0  7.3
1946 11  4 21 47 47.00  39.750   54.500    0.0  7.1
1946 11 12 17 28 41.00 -20.000 -173.500    0.0  7.1
1946 11 28 15 51 35.00 -18.500 -174.000  290.0  7.0
1946 12 20 19 19  5.00  32.500  134.500    0.0  8.1
1946 12 21 10 18 49.00  44.000  149.000    0.0  7.2
1947  1 21 20  6 42.00 -24.500  -70.300    0.0  7.0
1947  1 26 10  6 46.00  12.500  -86.250  170.0  7.0
1947  1 29  8 17 50.00 -26.000  -63.000  580.0  7.0
1947  3 17  8 19 32.00  33.000   99.500    0.0  7.5
1947  3 25 20 32 14.00 -38.750  178.500    0.0  7.0
1947  4  2  5 39 11.00  -1.500  138.000    0.0  7.2
1947  4 14  7 15 33.00  44.000  148.500    0.0  7.1
1947  5  6 20 30 32.00  -6.500  148.500    0.0  7.3
1947  5 27  5 58 54.00  -1.500  135.250    0.0  7.2
1947  6 12  9  2 30.00   1.500  126.500   40.0  7.1
1947  7 29 13 43 22.00  28.500   94.000    0.0  7.3
1947  9 26 16  1 57.00  24.750  123.000  110.0  7.4
1947 10 16  2  9 47.00  64.500 -147.500    0.0  7.2
1947 11  1 14 58 53.00 -10.500  -75.000    0.0  7.7
1947 11  4  0  9 10.00  44.000  140.500    0.0  7.1
1948  1  6 17 25 58.00  17.000  -98.000   80.0  7.0
1948  1 24 17 46 40.00  10.500  122.000    0.0  8.1
1948  1 27 11 58 28.00 -20.500 -178.000  630.0  7.0
1948  1 28  3 47 21.00   1.500  126.500   80.0  7.1
1948  3  1  1 12 28.00  -3.000  127.500   50.0  7.1
1948  3  3  9  9 54.00  18.500  119.000    0.0  7.1
1948  4 17 16 11 28.00  33.000  135.750    0.0  7.2
1948  4 21 20 22  2.00  19.250  -69.250   40.0  7.1
1948  5 11  8 55 41.00 -17.500  -70.250   70.0  7.4
1948  5 14 22 31 43.00  54.500 -161.000    0.0  7.3
1948  5 25  7 11 21.00  29.500  100.500    0.0  7.2
1948  5 28  5 36 16.00 -13.000  -76.500   60.0  7.0
1948  6 28  7 13 30.00  36.500  136.000    0.0  7.0
1948  7 20 11  2 17.00 -17.000  -75.000   70.0  7.1
1948  9  2 23 34 50.00  10.000  125.500    0.0  7.0
1948  9  8 15  9 11.00 -21.000 -174.000    0.0  8.0
1948 10  5 20 12  5.00  37.500   58.000    0.0  7.2
1948 11 19  1  4 24.00  10.000  -83.500   80.0  7.0
1948 11 26  5 36 37.00  -5.000  145.000   70.0  7.0
1949  2 23 16  8  8.00  41.000   83.500    0.0  7.3
1949  3  4 10 19 25.00  36.000   70.500  230.0  7.4
1949  3 27  6 34  5.00   3.500  127.500    0.0  7.1
1949  4 18 21 34 42.00 -15.800 -172.800    0.0  7.0
1949  4 20  3 29  7.00 -38.000  -73.500   70.0  7.1
1949  4 23 11 15 39.00  -8.000  121.000   80.0  7.0
1949  4 25 13 54 59.00 -19.750  -69.000  110.0  7.2
1949  4 30  1 23 32.00   6.500  125.000  130.0  7.3
1949  5  3  5 56 41.00  48.600  153.500   96.0  7.0
1949  5 30  1 32 50.00 -20.800  -69.000   96.0  7.0
1949  6 24 22 38 49.00  -6.200  105.700   65.0  7.0
1949  7 10  3 53 36.00  39.000   70.500    0.0  7.6
1949  7 23 10 26 45.00 -18.500  170.000  150.0  7.2
1949  8  6  0 35 37.00 -18.500 -174.500   70.0  7.2
1949  8 22  4  1 11.00  53.750 -133.250    0.0  8.1
1949 10 19 21  0 19.00  -5.500  154.000   60.0  7.5
1949 11 22  0 51 49.00 -28.500 -178.500  180.0  7.1
1949 12 17  6 53 30.00 -54.000  -71.000    0.0  7.8
1949 12 17 15  7 55.00 -54.000  -71.000    0.0  7.8
1949 12 29  3  3 54.00  18.000  121.000    0.0  7.2
1950  1  2 15 14 35.00 -11.500  165.400    0.0  7.0
1950  2  2 23 33 39.00  22.000  100.000    0.0  7.1
1950  2 28 10 20 57.00  46.000  144.000  340.0  7.5
1950  3 27 21 18 29.00  -5.900  102.900    0.0  7.0
1950  5 25 18 35  7.00  13.000  143.500   90.0  7.1
1950  7  9  4 40  4.00  -8.000  -70.750  650.0  7.0
1950  7  9  4 50  5.00  -8.000  -70.750  650.0  7.0
1950  7  9 16 10 24.00  36.700   70.500  223.0  7.5
1950  7 29 16 46  6.00   2.200  126.900   96.0  7.0
1950  8 14 22 51 24.00 -27.250  -62.500  630.0  7.2
1950  8 15 14  9 30.00  28.500   96.500    0.0  8.6
1950  8 31  7  5 47.00   5.500  126.000   96.0  7.0
1950  9 10 15 16  8.00 -15.500  167.000  100.0  7.1
1950  9 22 23 53 32.00 -17.600 -177.100  413.0  7.0
1950 10  5 16  9 31.00  11.000  -85.000    0.0  7.8
1950 10  8  3 23  9.00  -3.750  128.250    0.0  7.5
1950 10 23 16 13 20.00  14.500  -91.500    0.0  7.5
1950 11  2 15 27 56.00  -6.500  129.500   50.0  7.4
1950 11  8  2 18 12.00 -10.000  159.500    0.0  7.1
1950 12  2 19 51 49.00 -18.250  167.500   60.0  7.2
1950 12  2 19 55 27.00 -18.250  167.500   60.0  7.2
1950 12  4 16 28  3.00  -5.000  153.500  110.0  7.3
1950 12  9 21 38 48.00 -23.500  -67.500  100.0  7.7
1950 12 10  2 50 42.00 -14.250  -75.750   80.0  7.1
1950 12 10 13 23  4.00 -28.000 -178.500  250.0  7.2
1950 12 14  1 52 49.00 -19.250 -175.750  200.0  7.5
1950 12 14 14 15 51.00  17.000  -97.500    0.0  7.3
1951  2 13 22 12 57.00  56.000 -156.000    0.0  7.2
1951  2 17 21  7  7.00  -7.000  146.000  180.0  7.2
1951  3 10 21 57 29.00 -15.000  167.500  130.0  7.2
1951  3 24  0 17 43.00 -10.600  165.500  160.0  7.1
1951  4 14  0 45 29.00 -23.300  -66.400  223.0  7.0
1951  5  6 16 10 52.00  71.500   -9.000    0.0  7.0
1951  5 21  8 27 20.00  -6.000  154.500  150.0  7.0
1951  6  6 16 10 48.00  71.300   -9.700    0.0  7.0
1951  6 12 22 40 39.00  36.300   71.000  223.0  7.5
1951 10 21 21 34 14.00  23.750  121.500    0.0  7.5
1951 10 22  3 29 27.00  23.750  121.250    0.0  7.2
1951 10 22  4 28  5.00  23.900  121.700    0.0  7.0
1951 10 22  5 43  1.00  24.000  121.250    0.0  7.1
1951 11  6 16 40  5.00  47.750  154.250    0.0  7.2
1951 11 18  9 35 47.00  30.500   91.000    0.0  7.7
1951 11 24 18 50 18.00  23.000  122.500    0.0  7.3
1951 12  8  4 14 12.00 -34.000   57.000    0.0  7.5
1951 12 12  1 37 40.00  16.500  -96.900  160.0  7.0
1952  2 14  3 38 12.00  -7.500  126.500    0.0  7.2
1952  3  4  1 22 43.00  42.500  143.000    0.0  8.1
1952  3  4  1 40  4.00  42.200  143.900    0.0  7.1
1952  3  9 17  3 47.00  42.500  143.000    0.0  7.2
1952  3 19 10 57 12.00   9.500  127.250    0.0  7.7
1952  6 22 21 41 53.00  46.700  153.700    0.0  7.0
1952  7 21 11 52 15.60  34.949 -119.046   10.0  7.3
1952  8 17 16  2 10.77  30.797   91.648   10.0  7.7
1952  9 21  2 30 39.90 -22.230  -65.989  271.4  7.1
1952 11  4 16 58 27.89  52.755  160.057   22.2  9.0
1952 11  6 19 47 26.49  -4.728  145.091   35.0  7.1
1952 12  6 10 41 22.77  -8.141  156.125   15.0  7.2
1952 12 24 18 39 41.03  -5.508  151.959   24.4  7.1
1953  1  5  7 48 26.75  53.582  171.202   17.3  7.2
1953  1  5 10  6 36.00  49.152  155.525   50.6  7.1
1953  2 26 11 42 33.18 -11.118  164.287   35.0  7.1
1953  3 18 19  6 17.30  40.120   27.621   15.0  7.2
1953  3 19  8 27 53.59  14.111  -61.213  126.8  7.1
1953  4 23 16 24 31.95  -4.402  152.708   35.0  7.6
1953  5  6 17 16 48.18 -37.254  -72.920   68.4  7.5
1953  6 25 10 45  6.03  -8.727  123.704   35.0  7.1
1953  7  2  6 57  0.42 -19.235  169.608  238.2  7.4
1953  8 12  9 23 54.60  38.046   20.766   15.0  7.2
1953  9 29  1 36 47.94 -37.637  176.868  311.7  7.0
1953 11  4  3 49 13.19 -13.189  166.516   35.0  7.5
1953 11 10 23 40 26.52  51.022  157.572   54.3  7.0
1953 11 25 17 48 56.21  34.034  141.786   35.0  7.9
1953 12  7  2  5 39.79 -22.538  -68.845  107.9  7.2
1953 12 12 17 31 28.19  -3.597  -80.847   19.0  7.5
1954  2 11  0 30 21.11  38.876  101.212   35.0  7.1
1954  2 20 18 35  6.55  -7.276  124.352  551.6  7.0
1954  2 22 12  3 28.44 -56.786  -26.761   35.0  7.0
1954  3 21 23 42 15.86  24.420   95.104  186.1  7.4
1954  3 29  6 17  7.72  37.032   -3.513  627.3  7.9
1954  3 31 18 25 49.05  12.243   58.040   15.0  7.1
1954  4 29 11 34 37.61  28.971 -112.993    9.3  7.1
1954  9 17 11  3 14.38 -21.376 -176.508  184.8  7.0
1954 12 16 11  7 14.81  39.156 -118.205   10.0  7.2
1954 12 16 11 11 33.00  39.200 -118.000    0.0  7.0
1955  1  5  0 50 22.34 -50.180  162.647   25.0  7.1
1955  2 27 20 43 26.69 -28.406 -175.379   17.9  7.8
1955  3 18  0  6 50.47  54.209  161.202   48.5  7.3
1955  3 31 18 17 12.21   7.386  122.878   54.2  7.7
1955  4 14  1 29  3.05  29.981  101.613   10.0  7.5
1955  4 15  3 40 58.81  39.816   74.640   35.0  7.1
1955  5 17 14 49 55.13   6.738   93.754   29.1  7.2
1955  5 30 12 31 44.14  24.269  142.458  563.4  7.1
1955  8  6  8 31 31.78 -21.105 -177.351  358.7  7.0
1955 10 10  8 57 52.65  -5.100  152.924   35.0  7.3
1955 10 13  9 26 49.61 -10.046  160.786   35.0  7.1
1955 11 10  1 44  5.32 -15.557 -173.652   66.6  7.2
1956  1 31  9 17 11.94  -3.456  152.028  357.7  7.1
1956  2  1 13 41 52.61  18.819  145.006  380.4  7.0
1956  2 18  7 34 25.43  30.244  138.222  486.1  7.1
1956  5 23 20 48 31.00 -15.611 -178.587  416.1  7.2
1956  6  9 23 13 56.48  35.042   67.479   35.0  7.6
1956  7  9  3 11 45.39  36.617   26.026   35.0  7.8
1956  7 16 15  7  9.33  21.969   95.802   32.1  7.1
1956  7 18  6 19 35.15  -5.025  130.422  130.5  7.2
1956 10 11  2 24 38.04  45.967  150.548  104.8  7.3
1956 10 24 14 42 16.98  11.619  -86.436   35.0  7.2
1956 12 27  0 14 11.63 -23.413 -176.897  195.5  7.0
1957  2 23 20 26 18.02  23.917  121.517   56.8  7.2
1957  3  9 14 22 32.60  51.556 -175.392   30.0  9.1
1957  3  9 20 39 25.77  52.501 -169.430   48.6  7.2
1957  3 11  9 58 50.46  52.535 -168.904   30.0  7.1
1957  3 12 11 45  0.25  51.678 -176.627   35.0  7.1
1957  3 14 14 47 51.80  51.298 -176.644   35.0  7.2
1957  3 16  2 34 19.08  51.519 -178.765   35.0  7.1
1957  3 22 14 21 14.11  53.678 -165.681   45.2  7.1
1957  3 23  5 12 42.95  -5.501  130.933  133.0  7.1
1957  4 14 19 18  5.44 -15.403 -173.129   35.0  7.5
1957  4 16  4  4  9.33  -4.504  107.244  600.1  7.2
1957  4 21 21 12 28.77   6.933  -72.066   16.3  7.1
1957  4 25  2 25 44.31  36.387   28.609   63.4  7.0
1957  5 26  6 33 34.99  40.672   31.042   15.0  7.2
1957  6 22 23 50 30.39  -2.040  136.676   35.0  7.3
1957  6 27  0  9 35.39  56.394  116.393   35.0  7.4
1957  7  2  0 42 28.57  36.090   52.701   35.0  7.1
1957  7 14  6 24  1.92 -27.169 -177.779  200.7  7.0
1957  7 28  8 40  9.88  16.881  -99.297   37.2  7.8
1957  9 24  8 21 12.44   5.230  127.117   35.0  7.7
1957  9 28 14 20  3.64 -20.758 -178.111  596.0  7.2
1957 11 29 22 19 43.08 -20.402  -67.307  156.9  7.4
1957 12  4  3 37 52.31  45.153   99.206   35.0  8.1
1957 12 17 13 50 22.16 -12.477  166.676  120.6  7.2
1958  1 15 19 14 30.87 -16.779  -72.503   68.6  7.0
1958  1 19 14  7 27.29   1.054  -79.480   35.0  7.8
1958  3 11  0 26  3.96  24.433  124.351  109.9  7.2
1958  4  7 15 30 46.69  65.823 -156.243   35.0  7.3
1958  5 31 19 32 37.23 -15.457  168.612   35.0  7.1
1958  7 10  6 15 59.92  58.370 -136.665   35.0  7.3
1958  7 26 17 37 14.27 -13.238  -69.389  611.7  7.2
1958 11  6 22 58  9.50  44.329  148.623   35.0  8.4
1958 11 12 20 23 32.71  44.052  148.837   35.0  7.0
1959  1 22  5 10 31.35  37.560  142.483   35.0  7.2
1959  3  1 16 49 13.54  -0.883  134.307   35.0  7.0
1959  4 26 20 40 38.77  24.687  122.792  126.3  7.5
1959  5  4  7 15 46.01  53.351  159.645   35.0  8.0
1959  5 24 19 17 41.82  17.450  -97.145   69.6  7.0
1959  6 14  0 12  6.46 -20.369  -68.881  111.6  7.5
1959  7 19 15  6 16.00 -15.092  -70.391  208.0  7.1
1959  8 15  8 57  5.24  21.952  120.970   25.0  7.2
1959  8 17 21  4 49.78  -7.895  156.338   35.0  7.1
1959  8 18  6 37 19.97  44.548 -110.636   15.0  7.3
1959  9 14 14  9 46.18 -28.722 -177.079   35.0  7.8
1959  9 15 11  5 37.16 -22.067 -179.290  586.7  7.1
1959 11 19 11  8 51.14  -6.003  146.552  144.4  7.0
1960  1 13 15 40 29.85 -15.814  -72.788   95.4  7.5
1960  3  8 16 33 41.37 -17.030  168.717  243.3  7.2
1960  3 20 17  7 29.11  39.871  143.435    2.1  7.8
1960  5 21 10  2 57.70 -37.872  -73.243   35.0  8.2
1960  5 22 18 56  4.03 -38.147  -72.984   35.0  7.9
1960  5 22 19 11 17.75 -38.235  -73.047   35.0  9.5
1960  6  6  5 55 50.11 -45.727  -73.444   25.0  7.2
1960  6 20  2  1 13.91 -38.254  -73.283   25.0  7.0
1960  6 20 12 59 46.04 -39.218  -73.331   25.0  7.1
1960  7 25 11 12  9.33  53.642  158.847  139.5  7.2
1960 11 20 22  2  2.13  -6.727  -80.606   52.0  7.8
1960 11 24  6 52 47.26 -24.702 -176.397   35.0  7.1
1960 12  2  9 10 43.44 -24.677  -70.089   15.0  7.2
1960 12 13  7 36 20.37 -52.036  160.996   35.0  7.2
1961  1  5 15 54  4.97  -4.219  143.199  140.0  7.1
1961  2 26 18 10 52.22  31.632  131.548   49.9  7.7
1961  3  7 10 10 39.61 -29.255 -175.426   35.0  7.1
1961  3 28  9 36  5.79   0.053  123.627  137.3  7.3
1961  7 23 21 51 10.45 -18.421  168.411   35.0  7.3
1961  8 11 15 51 34.68  42.913  145.304   35.0  7.2
1961  8 19  5  9 51.06 -10.860  -70.846  612.9  7.2
1961  8 31  1 48 38.99 -10.697  -70.886  598.2  7.0
1961  8 31  1 57  9.70 -10.341  -71.002  601.4  7.3
1961  9  1  0  9 39.06 -59.267  -26.576  131.0  7.2
1961  9  8 11 26 32.33 -56.260  -27.283  105.3  7.6
1962  2 14  6 36  3.27 -38.091  -73.050   32.9  7.5
1962  3 17 20 47 36.45  10.677  -43.332   35.0  7.0
1962  4 12  0 52 42.99  38.073  142.741   24.5  7.2
1962  4 26  7 26 26.30 -17.873 -178.683  551.6  7.5
1962  5 11 14 11 55.81  17.171  -99.651   35.0  7.3
1962  5 21 21 15 38.68 -19.962 -177.272  416.0  7.5
1962  7 26  8 14 45.66   7.499  -82.781   23.0  7.2
1962  8  3  8 56 19.00 -23.298  -68.004  115.8  7.2
1962 12  8 21 27 20.92 -25.827  -63.278  589.4  7.2
1963  2 13  8 50  4.65  24.356  122.060   35.0  7.3
1963  2 26 20 14 11.17  -7.576  146.214  180.8  7.3
1963  3 16  8 44 49.44  46.641  154.951   13.7  7.2
1963  3 26  9 48 20.07 -30.112 -177.536   35.0  7.4
1963  3 26 13 25  2.08 -30.042 -177.709   35.0  7.0
1963  4 16  1 29 23.00  -1.172  128.026   35.0  7.2
1963  5  1 10  3 20.86 -19.061  169.080  141.8  7.1
1963  8 15 17 25  8.34 -13.742  -69.332  552.1  7.7
1963  8 25 12 18 13.74 -17.701 -178.557  570.1  7.1
1963  9 15  0 46 54.34 -10.472  165.770   35.0  7.5
1963  9 17 19 20 11.52 -10.286  165.413   27.6  7.5
1963 10 12 11 27  0.21  44.426  149.272   48.3  7.1
1963 10 13  5 17 53.35  44.770  149.798   13.4  8.6
1963 10 20  0 53 10.90  44.772  150.563   27.9  7.9
1963 11  4  1 17  5.76  -6.733  129.684   35.0  7.8
1963 11  9 21 15 30.92  -9.017  -71.601  585.6  7.7
1963 12 15 19 34 48.41  -4.764  108.050  668.3  7.1
1963 12 18  0 30  2.58 -24.776 -176.520   35.0  7.7
1964  2  6 13  7 22.54  55.643 -156.069    3.4  7.1
1964  3 28  3 36 12.66  61.017 -147.648    6.6  9.2
1964  4 23  3 32 48.54  -5.420  133.939    6.1  7.1
1964  5 26 10 59 12.89 -56.245  -27.631  116.4  7.5
1964  6 16  4  1 40.51  38.434  139.226   13.1  7.5
1964  6 23  1 26 38.41  43.270  146.151   75.3  7.2
1964  7  6  7 22 12.84  18.194 -100.510   92.7  7.2
1964  7  8 11 55 44.49  -5.597  129.741  206.8  7.0
1964  7  9 16 39 51.20 -15.579  167.748  130.5  7.4
1964  8 13  0 31 15.51  -5.496  154.286  386.8  7.0
1964 10 18 12 32 25.56  -7.173  123.809  577.1  7.0
1964 11 17  8 15 41.38  -5.753  150.732   50.1  7.1
1965  1 24  0 11 17.02  -2.455  125.965   28.4  8.2
1965  2  4  5  1 21.88  51.209  178.499   30.1  7.5
1965  2  4  8 40 38.75  51.397  179.560    8.2  7.8
1965  3 14 15 53  7.82  36.400   70.716  209.7  7.5
1965  3 28 16 33 16.52 -32.492  -71.212   69.9  7.4
1965  3 30  2 27  4.99  50.314  177.935   20.0  7.7
1965  5 20  0 40 12.17 -14.642  167.504    9.7  7.6
1965  6 11  3 33 46.57  44.614  148.941   44.3  7.1
1965  8 11  3 40 57.17 -15.471  166.992   17.6  7.2
1965  8 11 22 31 52.22 -15.797  167.268   45.8  7.6
1965  8 13 12 40  8.35 -15.813  166.959   21.5  7.3
1965  8 23 19 46  1.61  16.178  -95.846   10.5  7.4
1965  9 12 22  2 35.27  -6.475   70.746   27.6  7.0
1965  9 17 16 21 21.20  36.336  141.327   43.5  7.1
1965 11 13  4 33 54.46  43.840   87.755   51.6  7.0
1966  3  6  2 15 58.01  31.453   80.469   41.1  7.0
1966  3 12 16 31 19.77  24.307  122.695   28.9  7.4
1966  3 20  1 42 51.04   0.842   29.873   15.0  7.2
1966  6  7 13 59 37.79  11.302  139.641   49.6  7.1
1966  6 15  0 59 42.69 -10.343  160.883    2.3  7.1
1966  6 15  1 32 53.47 -10.104  161.027   11.7  7.3
1966  6 22 20 29  6.39  -7.257  124.651  526.9  7.0
1966  7  4 18 33 38.58  51.824  179.875   13.4  7.3
1966  8  1 21  2 58.02  30.051   68.629    9.8  7.0
1966  9  8 21 15 52.95   2.353  128.386   81.1  7.2
1966 10 17 21 41 55.46 -10.807  -78.684   20.7  8.2
1966 10 19  8  1 34.00  -1.584  -15.389   22.3  7.0
1966 12 28  8 18  7.23 -25.502  -70.655   30.0  7.7
1966 12 31 18 23 11.12 -11.893  166.445   82.8  7.3
1966 12 31 22 15 16.58 -12.334  166.684   22.6  7.2
1967  1  5  0 14 39.86  48.202  102.925   14.7  7.0
1967  1 20  1 57 20.12  48.073  103.054    2.8  7.0
1967  2  9 15 24 46.90   2.889  -74.799   40.4  7.2
1967  2 15 16 11 12.80  -9.121  -71.325  600.6  7.0
1967  3  4 17 58  4.18  39.099   24.618    8.7  7.1
1967  3 13 16  6 53.72 -40.193  -74.842   22.4  7.3
1967  3 19  4  1 36.03  45.626  151.197    8.7  7.0
1967  7 22 16 56 55.29  40.632   30.740    4.2  7.4
1967  8 30  4 22  4.35  31.631  100.232    8.1  7.0
1967 10  9 17 21 49.02 -21.303 -179.053  636.6  7.3
1967 10 25  0 59 24.10  24.464  122.221   67.1  7.0
1967 11 23  8 35 53.89  14.449   51.983   13.2  7.0
1967 12 21  2 25 24.40 -21.864  -69.948   42.5  7.4
1967 12 25  1 23 34.15  -5.289  153.763   51.2  7.2
1967 12 27  9 17 54.73 -21.211  -68.185  116.2  7.0
1968  1 29 10 19  7.18  43.586  146.701   39.7  7.3
1968  2 12  5 44 43.62  -5.502  153.404   23.2  7.4
1968  2 19 22 45 43.65  39.372   24.946    8.1  7.2
1968  2 26 10 50 17.84  22.762  121.414   16.2  7.2
1968  4  1  0 42  5.03  32.482  132.192   30.2  7.5
1968  4  9  2 29  1.79  33.160 -116.192   15.0  7.0
1968  5 16  0 49  0.41  40.903  143.346   25.8  8.3
1968  5 16 10 39  0.52  41.593  142.786   11.8  7.8
1968  5 16 23  4 52.45  39.881  143.223    8.3  7.2
1968  5 20 20  5 52.02 -30.783 -178.141   58.3  7.0
1968  5 20 21  9 45.84  44.793  150.358   30.4  7.1
1968  5 23 17 24 20.11 -41.743  172.123   46.7  7.2
1968  5 28 13 27 20.41  -2.919  139.411   63.7  7.2
1968  6 12 13 41 51.01  39.501  142.893   31.2  7.1
1968  6 17 11 53  1.56  41.095  143.072   37.2  7.0
1968  7 25  7 23  9.47 -30.811 -178.148   65.1  7.1
1968  8  1 20 19 24.98  16.384  122.078   52.2  7.7
1968  8  2 14  6 46.19  16.494  -97.771   49.8  7.3
1968  8  3  4 54 35.92  25.646  128.473   29.0  7.1
1968  8 10  2  7  4.04   1.422  126.260   19.6  7.6
1968  8 14 22 14 20.48   0.058  119.690   18.8  7.3
1968  8 18 18 38 31.65 -10.205  159.963  540.8  7.3
1968  8 31 10 47 40.11  34.045   58.960   12.3  7.2
1968  9 16 13 55 36.23  -6.032  148.743   43.0  7.0
1968 10  7 19 20 21.84  26.291  140.682  519.8  7.3
1968 10 23 21  4 42.84  -3.375  143.322    9.4  7.1
1969  1  5 13 26 43.21  -7.991  158.968   62.8  7.3
1969  1 19  7  2  8.97  44.891  143.207  237.1  7.3
1969  1 30 10 29 43.14   4.767  127.435   79.6  7.1
1969  2 10 22 58  5.73 -22.807  178.795  659.9  7.2
1969  2 11 22  8 53.62  41.426   79.239   13.1  7.1
1969  2 11 22 16 12.34  -6.791  126.672  425.1  7.2
1969  2 28  2 40 35.23  35.923  -10.568   32.5  7.8
1969  4 21  7 19 28.43  32.149  131.868   37.1  7.0
1969  5 14 19 32 54.80  51.278 -179.856   14.0  7.0
1969  7 18  5 24 46.90  38.421  119.453   12.0  7.2
1969  8  5  2 13 10.12   1.246  126.190   26.4  7.0
1969  8 11 21 27 37.59  43.478  147.815   45.6  8.2
1969  8 11 23 52 57.20   1.824  126.341   29.1  7.1
1969  8 17 20 14 59.35  24.851 -109.683   29.5  7.2
1969 11 21  2  5 35.32   1.973   94.574   11.0  7.6
1969 11 22 23  9 35.26  57.729  163.595    9.1  7.8
1969 12 25 21 32 29.20  15.727  -59.648    9.7  7.2
1970  1  4 17  0 40.29  24.147  102.462   14.0  7.2
1970  1  8 17 12 43.07 -34.889  178.845  209.2  7.0
1970  1 10 12  7  9.10   6.788  126.687   61.4  7.1
1970  1 20  7 19 48.19 -25.865 -177.173   45.0  7.2
1970  3 28 21  2 25.67  39.172   29.550   24.2  7.4
1970  3 30 16 46 45.66   6.767  126.616   63.8  7.1
1970  4  7  5 34  6.39  15.772  121.659   28.3  7.2
1970  4 12  4  1 44.49  15.085  122.010   15.7  7.0
1970  4 20 10 39 13.75 -18.810  169.381  245.7  7.0
1970  4 29 14  1 21.91  14.461  -92.760   50.9  7.3
1970  5 27 12  5  9.58  27.203  140.223  407.3  7.1
1970  5 31 20 23 32.17  -9.248  -78.840   73.0  7.9
1970  6 11 16 46 36.41 -59.396  159.215   33.6  7.3
1970  6 15 11 14 50.17 -54.370  -64.108    3.3  7.0
1970  7 25 22 41 13.77  32.246  131.680   45.6  7.0
1970  7 31 17  8  6.03  -1.486  -72.563  644.6  8.0
1970  8 11 10 22 23.77 -14.095  166.570   39.1  7.5
1970  8 30 17 46 10.68  52.342  151.621  650.8  7.3
1970 10 31 17 53  7.07  -4.907  145.471    8.1  7.3
1970 12  2 15 54 17.22 -11.005  163.493    2.7  7.0
1970 12 10  4 34 39.18  -4.079  -80.662   20.1  7.1
1971  1  3 17 35 41.24 -55.647   -2.455   25.0  7.1
1971  1 10  7 17  7.71  -3.232  139.744   54.9  7.7
1971  2  4 15 33 33.12   0.552   98.665   60.0  7.1
1971  2  8 21  4 20.36 -63.422  -61.417   13.6  7.0
1971  5  2  6  8 26.04  51.433 -177.248   21.0  7.1
1971  5 18 22 44 42.29  63.924  146.114    8.9  7.0
1971  6 17 21  0 41.80 -25.423  -69.052   90.1  7.2
1971  7  9  3  3 19.79 -32.558  -71.085   59.0  7.8
1971  7 14  6 11 30.61  -5.519  153.906   44.5  8.0
1971  7 14  7 41 13.46  -5.607  153.768   57.8  7.1
1971  7 19  0 14 45.93  -5.756  153.870   31.3  7.1
1971  7 26  1 23 22.19  -4.889  153.183   37.1  8.1
1971  7 27  2  2 46.27  -2.825  -77.362   94.5  7.3
1971  8  2  7 24 58.52  41.378  143.459   53.8  7.2
1971  8  5  1 58 51.93  -0.929  -22.085   22.6  7.0
1971  9  5 18 35 28.74  46.555  141.187   18.3  7.3
1971 11 21  5 57 12.79 -11.880  166.623  114.9  7.1
1971 11 24 19 35 31.56  52.811  159.174  115.2  7.4
1971 12 15  8 29 53.85  56.023  163.170    9.0  7.8
1972  1 23 21 17 55.79 -13.229  166.371   51.6  7.1
1972  1 25  2  6 21.45  22.549  122.325   10.1  7.5
1972  1 25  3 41 22.06  23.037  122.118   11.9  7.0
1972  2 14 23 29 53.48 -11.432  166.407  106.4  7.3
1972  2 29  9 23  1.58  33.377  140.881   58.8  7.5
1972  3 30  5 34 52.17 -25.752  179.633  495.7  7.3
1972  4 25 19 30  9.04  13.388  120.312   33.9  7.2
1972  4 28 23 32 11.36  -5.143  154.237  410.9  7.2
1972  5 22 20 45 58.01 -17.831 -175.009  225.2  7.2
1972  6 11 16 41  3.38   3.864  124.234  330.7  7.8
1972  7 30 21 45 13.63  56.696 -136.098    6.8  7.6
1972  8 17 23 44  7.90  -6.002  152.928   12.9  7.1
1972 11  2 19 55 24.76 -20.034  169.007   38.4  7.0
1972 12  2  0 19 54.11   6.466  126.657   82.1  7.4
1972 12  4 10 16 13.87  33.331  140.713   70.6  7.3
1973  1 30 21  1 12.50  18.480 -103.000   43.0  7.5
1973  2  6 10 37 10.10  31.400  100.580   33.0  7.7
1973  2 28  6 37 49.50  50.490  156.580   27.0  7.2
1973  3 17  8 30 51.80  13.370  122.790   33.0  7.5
1973  6 17  3 55  2.90  43.230  145.790   48.0  7.7
1973  6 24  2 43 25.50  43.320  146.440   50.0  7.1
1973  7 23  1 22 57.80  49.990   78.850    0.0  7.1
1973  8 28  9 50 40.00  18.270  -96.600   84.0  7.2
1973  9 29  0 44  0.80  41.890  130.870  575.0  7.0
1973 10  6 15  7 37.30 -60.820  -21.550   33.0  7.5
1973 10 27  6 59 57.40  70.780   54.180    0.0  7.6
1973 12 28 13 41 45.80 -14.460  166.600   26.0  7.8
1973 12 29  0 19 31.10 -15.120  166.900   47.0  7.2
1974  1 10  8 51 13.30 -14.430  166.860   34.0  7.2
1974  1 31 23 30  5.30  -7.460  155.890   34.0  7.0
1974  2  1  3 12 33.10  -7.380  155.570   40.0  7.1
1974  7  2 23 26 26.60 -29.080 -175.950   33.0  7.3
1974  7 13  1 18 22.80   7.750  -77.690   12.0  7.3
1974  7 30  5 12 40.60  36.350   70.760  211.0  7.4
1974  8 11  1 13 55.50  39.460   73.830    9.0  7.3
1974  8 18 10 44 12.80 -38.450  -73.430   36.0  7.1
1974 10  3 14 21 29.10 -12.270  -77.790   13.0  7.6
1974 10  8  9 50 58.10  17.300  -62.000   47.0  7.5
1974 10 16  5 45  9.80  52.640  -32.070   33.0  7.3
1974 10 23  6 14 54.00  -8.420  154.030   48.0  7.2
1974 11  9 12 59 49.80 -12.500  -77.790    6.0  7.2
1974 11 20  4 14 46.90 -15.020  167.140   33.0  7.0
1975  2  2  8 43 39.10  53.110  173.500   10.0  7.6
1975  2  4 11 36  7.50  40.640  122.580   33.0  7.0
1975  5 10 14 27 38.70 -38.180  -73.230    6.0  7.8
1975  5 26  9 11 51.50  36.000  -17.650   33.0  8.1
1975  6 10 13 47 14.50  43.020  147.730   15.0  7.0
1975  7 10 18 29 16.00   6.510  126.640   86.0  7.0
1975  7 20 14 37 39.90  -6.590  155.050   49.0  7.9
1975  7 20 19 54 27.70  -7.100  155.150   44.0  7.7
1975 10  1  3 29 58.90  -4.880  102.200   33.0  7.0
1975 10  6 22 24 16.20 -12.520  166.500   54.0  7.0
1975 10 11 14 35 15.00 -24.890 -175.120    9.0  7.8
1975 10 31  8 28  2.60  12.540  125.990   50.0  7.6
1975 11  1  1 17 33.90  13.840  144.750  113.0  7.1
1975 11 29 14 47 40.40  19.330 -155.020    5.0  7.2
1975 12 26 15 56 38.70 -16.260 -172.470   33.0  7.8
1976  1 14 15 56 34.90 -29.210 -177.890   69.0  7.8
1976  1 14 16 47 33.50 -28.430 -177.660   33.0  8.2
1976  1 21 10  5 24.10  44.920  149.120   41.0  7.0
1976  2  4  9  1 43.40  15.320  -89.100    5.0  7.5
1976  4  8  2 40 27.00  40.310   63.770   33.0  7.1
1976  5 17  2 58 40.60  40.380   63.470   10.0  7.1
1976  5 29 14  0 18.50  24.530   98.710   10.0  7.0
1976  6 20 20 53 13.40   3.400   96.320   33.0  7.0
1976  6 25 19 18 56.90  -4.600  140.090   33.0  7.1
1976  7 11 20 41 47.50   7.410  -78.130    3.0  7.0
1976  7 27 19 42 54.60  39.570  117.980   23.0  7.5
1976  7 28 10 45 35.20  39.660  118.400   26.0  7.4
1976  8  2 10 55 25.70 -20.610  169.270   52.0  7.0
1976  8 16 16 11  7.30   6.260  124.020   33.0  7.9
1976 10 29  2 51  7.60  -4.520  139.920   33.0  7.2
1976 11 24 12 22 18.80  39.120   44.030   36.0  7.3
1976 11 30  0 40 57.80 -20.520  -68.920   82.0  7.3
1977  3  4 19 21 54.10  45.770   26.760   94.0  7.2
1977  3 18 21 43 52.40  16.770  122.330   37.0  7.0
1977  3 21 21 18 54.20  27.610   56.390   29.0  7.0
1977  4  2  7 15 22.70 -16.700 -172.100   33.0  7.6
1977  4 20 23 42 50.50  -9.890  160.350   19.0  7.6
1977  4 20 23 49 13.10  -9.840  160.820   33.0  7.5
1977  4 21  4 24  9.60  -9.970  160.730   33.0  8.1
1977  6 22 12  8 33.40 -22.880 -175.900   65.0  7.2
1977  7 29 11 15 45.30  -8.030  155.540   33.0  7.2
1977  8 19  6  8 55.20 -11.090  118.460   33.0  8.0
1977  8 26 19 50  1.40 -59.430  -20.510   33.0  7.1
1977 10 10 11 53 53.60 -25.860 -175.410   33.0  7.2
1977 11 23  9 26 24.70 -31.030  -67.770   13.0  7.4
1978  2  9 21 35 12.70 -30.680 -177.360   33.0  7.7
1978  3  7  2 48 47.60  32.010  137.610  439.0  7.0
1978  3 23  3 15 20.30  44.930  148.440   33.0  7.5
1978  3 24 19 47 50.70  44.240  148.860   33.0  7.6
1978  3 24 21  5 48.20  42.840   78.610   33.0  7.1
1978  6 12  8 14 26.40  38.190  142.030   44.0  7.7
1978  6 17 15 11 33.50 -17.100 -172.260   33.0  7.2
1978  7 23 14 42 36.90  22.280  121.510   17.0  7.4
1978  8  3 18 11 17.10 -26.510  -70.540   58.0  7.0
1978  8 23  0 38 32.20  10.200  -85.220   56.0  7.2
1978  9 16 15 35 56.60  33.390   57.430   33.0  7.8
1978 11  5 22  2  7.10 -11.130  162.140   33.0  7.4
1978 11 29 19 52 47.60  16.010  -96.590   18.0  7.9
1978 12  6 14  2  1.00  44.590  146.580   91.0  7.5
1978 12 12 11 44 16.00   7.330  123.490   33.0  7.4
1978 12 23 11 23 12.00  23.250  122.070   33.0  7.2
1979  3 14 11  7 16.30  17.810 -101.280   49.0  7.6
1979  4 10  1 42 22.00   2.960  126.930   37.0  7.2
1979  5  1 13  3 37.10 -21.240  169.800   79.0  7.2
1979  8 26 14 31 22.10  19.070  122.100   15.0  7.1
1979  9 12  5 17 51.40  -1.680  136.040    5.0  7.9
1979 10 12 10 25 22.30 -46.670  165.710   33.0  7.5
1979 10 23  9 51  6.70 -10.610  161.280   22.0  7.2
1979 11 16 15 21 25.70 -16.760 -179.980   33.0  7.0
1979 11 27 17 10 32.90  33.960   59.730   10.0  7.5
1979 12 12  7 59  3.30   1.600  -79.360   24.0  7.7
1980  1  1 16 42 40.00  38.810  -27.780   10.0  7.2
1980  2 23  5 51  3.20  43.530  146.750   44.0  7.1
1980  3  8 22 12 10.30 -22.670  171.360   38.0  7.1
1980  3 24  3 59 51.30  52.970 -167.670   33.0  7.1
1980  4 13 18  4 31.90 -23.470 -177.300   79.0  7.2
1980  6 18 17 14 54.50   9.480  126.660   54.0  7.2
1980  7  8 23 19 19.80 -12.410  166.380   33.0  7.8
1980  7 17 19 42 23.20 -12.520  165.920   33.0  8.0
1980  7 29  3 11 56.30 -13.100  166.340   48.0  7.2
1980 10 10 12 25 23.50  36.190    1.350   10.0  7.7
1980 10 24 14 53 35.10  18.210  -98.240   72.0  7.0
1980 10 25 11  0  5.10 -21.890  169.850   33.0  7.2
1980 11  8 10 27 34.00  41.120 -124.250   19.0  7.2
1981  1 23 21 54 41.60 -29.680   60.840   10.0  7.0
1981  1 30  8 52 44.10  51.740  176.270   33.0  7.1
1981  4 24 21 50  6.00 -13.430  166.420   33.0  7.3
1981  5 25  5 25 14.40 -48.790  164.360   33.0  7.6
1981  7  6  3  8 24.18 -22.290  171.740   33.0  7.0
1981  7 15  7 59  8.47 -17.260  167.600   30.0  7.1
1981  7 28 17 22 24.62  30.010   57.790   33.0  7.3
1981  9  1  9 29 31.54 -14.960 -173.090   25.0  7.6
1981 10 16  3 25 42.22 -33.130  -73.070   33.0  7.5
1981 10 25  3 22 15.57  18.050 -102.080   33.0  7.4
1981 12 19 14 10 50.72  39.240   25.230   10.0  7.6
1981 12 24  5 33 20.71 -29.970 -177.610   28.0  7.0
1981 12 26 17  5 32.52 -29.930 -177.740   33.0  7.1
1982  1 11  6 10  6.49  13.750  124.360   45.0  7.4
1982  1 18 19 27 24.45  40.000   24.320   10.0  7.0
1982  6  7  6 52 37.37  16.610  -98.150   40.0  7.2
1982  6  7 10 59 40.16  16.560  -98.360   33.0  7.0
1982  6 19  6 21 58.00  13.310  -89.340   81.0  7.0
1982  6 30  1 57 34.15  44.680  151.140   33.0  7.1
1982  7  7 10 43  3.74 -51.220  160.510   10.0  7.3
1982  8  5 20 32 52.95 -12.600  165.930   30.0  7.5
1982  8 19 15 59  1.53   6.720  -82.680   10.0  7.0
1982 12 19 17 43 54.85 -24.130 -175.860   33.0  7.7
1983  1 17 12 41 29.70  38.030   20.230   14.0  7.2
1983  1 24  8 17 39.61  16.150  -95.230   56.0  7.0
1983  3 18  9  5 50.00  -4.880  153.580   88.0  7.9
1983  4  3  2 50  1.18   8.720  -83.120   37.0  7.3
1983  5 26  2 59 59.60  40.460  139.100   23.0  7.8
1983  7 11 12 56 28.37 -60.890  -53.020   10.0  7.0
1983  8  6 15 43 51.24  40.140   24.770    2.0  7.3
1983  8 17 10 55 54.13  55.870  161.290   62.0  7.0
1983 10  4 18 52 13.30 -26.530  -70.560   14.0  7.4
1983 10 28 14  6  6.61  44.060 -113.860   10.0  7.0
1983 11 24  5 30 34.23  -7.480  128.170  178.0  7.1
1983 11 30 17 46  0.67  -6.850   72.110   10.0  7.7
1983 12  2  3  9  5.66  14.070  -91.920   67.0  7.1
1983 12 30 23 52 39.93  36.370   70.740  214.0  7.2
1984  2  7 21 33 21.49 -10.010  160.470   18.0  7.7
1984  3 19 20 28 38.24  40.320   63.350   14.0  7.1
1984  3 24  9 44  2.60  44.120  148.190   44.0  7.0
1984 10 15 10 21  7.50 -15.860 -173.640  128.0  7.1
1984 11  1  4 48 50.27   8.190  -38.790   10.0  7.4
1984 11 17  6 49 30.02   0.200   98.030   33.0  7.4
1984 11 23  4 46  6.38 -14.310  171.280   33.0  7.1
1984 12 28 10 37 53.76  56.190  163.460   33.0  7.0
1985  3  3 22 47  7.28 -33.130  -71.870   33.0  7.8
1985  3  3 23 38 31.43 -32.740  -71.210   33.0  7.0
1985  4  9  1 56 59.48 -34.130  -71.620   37.0  7.5
1985  5 10 15 35 50.59  -5.600  151.040   26.0  7.3
1985  6  3 12  6 21.13 -15.290 -173.520   33.0  7.0
1985  7  3  4 36 51.73  -4.440  152.830   33.0  7.4
1985  8 23 12 41 56.16  39.430   75.220    6.0  7.5
1985  9 19 13 17 47.35  18.190 -102.530   27.0  8.0
1985  9 21  1 37 13.47  17.800 -101.650   30.0  7.6
1985  9 26  7 27 51.13 -34.690 -178.660   51.0  7.0
1985 11 17  9 40 21.29  -1.640  134.910   10.0  7.1
1985 11 28  2 25 42.34 -14.040  166.240   33.0  7.2
1985 11 28  3 49 54.15 -13.990  166.180   33.0  7.6
1985 12 21  1 13 22.41 -13.970  166.520   43.0  7.6
1986  4 30  7  7 18.12  18.400 -102.970   26.0  7.0
1986  5  7 22 47 10.87  51.520 -174.780   33.0  8.0
1986  6 24  3 11 30.93  -4.450  143.940  102.0  7.1
1986  8 14 19 39 13.67   1.790  126.520   33.0  7.4
1986 10 20  6 46  9.98 -28.120 -176.370   29.0  8.3
1986 11 14 21 20 10.55  23.900  121.570   33.0  7.8
1987  1 30 22 29 42.09 -60.060  -26.920   47.0  7.0
1987  2  8 18 33 58.39  -6.090  147.690   54.0  7.6
1987  3  5  9 17  5.28 -24.390  -70.160   62.0  7.3
1987  3  6  4 10 41.96   0.150  -77.820   10.0  7.0
1987  7  6  2 49 42.78 -14.070  167.830   47.0  7.1
1987  9  3  6 40 13.91 -58.890  158.510   33.0  7.7
1987 10  6  4 19  6.08 -17.940 -172.230   16.0  7.3
1987 10 16 20 48  1.64  -6.270  149.060   47.0  7.7
1987 10 25 16 54  5.69  -2.320  138.360   33.0  7.0
1987 11 17  8 46 53.32  58.590 -143.270   10.0  7.0
1987 11 30 19 23 19.59  58.680 -142.790   10.0  7.9
1988  2 24  3 52  3.29  13.480  124.620   24.0  7.1
1988  3  6 22 35 38.14  56.950 -143.030   10.0  7.8
1988  4 12 23 19 55.57 -17.190  -72.310   33.0  7.0
1988  6 18 22 49 42.37  26.860 -111.000   10.0  7.0
1988  8  6  0 36 24.65  25.150   95.130   90.0  7.3
1988  8 10  4 38 26.17 -10.370  160.820   34.0  7.4
1988 11  6 13  3 19.34  22.790   99.610   17.0  7.3
1989  4 25 14 29  0.51  16.770  -99.330   19.0  7.1
1989  5 23 10 54 46.32 -52.340  160.570   10.0  8.2
1989 10 27 21  4 51.82 -11.020  162.350   24.0  7.1
1989 11  1 18 25 34.94  39.840  142.760   28.0  7.4
1989 12 15 18 43 45.03   8.340  126.730   24.0  7.4
1989 12 30 23 18 51.64  -3.410  145.970   38.0  7.0
1990  3  3 12 16 27.96 -22.120  175.160   33.0  7.6
1990  3  5 16 38 12.57 -18.320  168.060   20.0  7.1
1990  3 25 13 22 55.60   9.920  -84.810   22.0  7.3
1990  4  5 21 12 35.55  15.120  147.600   11.0  7.4
1990  4 18 13 39 19.01   1.190  122.860   25.0  7.6
1990  5 12  4 50  8.71  49.040  141.850  605.0  7.2
1990  5 20  2 22  1.62   5.120   32.150   14.0  7.2
1990  5 24 20  0  8.19   5.360   31.850   16.0  7.1
1990  5 24 20  9 23.24  -7.360  120.360  588.0  7.1
1990  5 30 10 40  6.14  45.840   26.670   89.0  7.0
1990  6 14  7 40 56.21  11.760  121.900   18.0  7.1
1990  6 20 21  0  9.98  36.960   49.410   18.0  7.4
1990  7 16  7 26 34.61  15.680  121.170   25.0  7.7
1990  7 27 12 37 59.55 -15.350  167.460  125.0  7.2
1990  8 12 21 25 21.95 -19.430  169.130  140.0  7.1
1990 10 17 14 30 13.16 -10.970  -70.780  598.0  7.0
1990 11  6 20 14 29.74  53.450  169.870   24.0  7.1
1990 12 30 19 14 18.93  -5.100  150.970  178.0  7.5
1991  1  5 14 57 11.59  23.610   95.900   19.0  7.0
1991  2 18  2 37 25.12   8.870  126.480   23.0  7.0
1991  4 22 21 56 51.82   9.690  -83.070   10.0  7.6
1991  4 29  9 12 48.10  42.450   43.670   17.0  7.0
1991  5 19  0 58  1.73   1.160  122.960   33.0  7.0
1991  5 30 13 17 41.97  54.570 -161.610   28.0  7.0
1991  6  9  7 45  2.13 -20.250 -176.220  265.0  7.0
1991  6 20  5 18 52.51   1.200  122.790   31.0  7.5
1991  6 23 21 22 28.94 -26.800  -63.350  558.0  7.3
1991  7  6 12 19 49.56 -13.110  -72.190  104.0  7.0
1991  8 17 22 17 14.68  41.820 -125.400   13.0  7.0
1991  9 30  0 21 46.41 -20.880 -178.590  566.0  7.0
1991 10 14 15 58 12.79  -9.090  158.440   23.0  7.2
1991 11 19 22 28 51.09   4.550  -77.440   21.0  7.2
1991 12 22  8 43 13.41  45.530  151.020   24.0  7.6
1991 12 27  4  5 58.24 -56.030  -25.270   10.0  7.2
1992  4 25 18  6  4.21  40.370 -124.320   15.0  7.2
1992  5 15  7  5  5.34  -6.070  147.570   58.0  7.2
1992  5 17  9 49 19.11   7.240  126.640   32.0  7.1
1992  5 17 10 15 31.31   7.190  126.760   33.0  7.3
1992  5 27  5 13 38.81 -11.120  165.240   18.0  7.0
1992  6 28 11 57 34.12  34.200 -116.440    1.0  7.3
1992  7 11 10 44 19.76 -22.480 -178.410  377.0  7.2
1992  8 19  2  4 37.41  42.140   73.570   27.0  7.3
1992  9  2  0 16  1.69  11.740  -87.340   44.0  7.7
1992 10 11 19 24 26.29 -19.250  168.950  129.0  7.4
1992 10 18 15 11 59.11   7.070  -76.860   10.0  7.2
1992 12 12  5 29 26.35  -8.480  121.900   27.0  7.8
1992 12 20 20 52 47.28  -6.580  130.390   77.0  7.3
1993  1 15 11  6  5.95  43.300  143.690  102.0  7.6
1993  3  6  3  5 49.87 -10.970  164.180   20.0  7.1
1993  5 11 18 26 51.32   7.220  126.570   58.0  7.0
1993  5 24 23 51 28.24 -22.670  -66.540  221.0  7.0
1993  6  8 13  3 36.48  51.220  157.830   70.0  7.5
1993  7 12 13 17 11.96  42.850  139.200   16.0  7.7
1993  8  8  8 34 24.93  12.980  144.800   59.0  7.8
1993  8  9 12 42 48.19  36.380   70.870  214.0  7.0
1993  8 10  0 51 53.25 -45.280  166.930   28.0  7.0
1993  9 10 19 12 54.62  14.720  -92.640   34.0  7.2
1993 11 13  1 18  4.18  51.930  158.650   34.0  7.0
1993 12 29  7 48 14.20 -20.230  169.790   33.0  7.0
1994  1 21  2 24 29.96   1.010  127.730   19.0  7.0
1994  2 12 17 58 23.99 -20.550  169.360   27.0  7.0
1994  3  9 23 28  6.78 -18.040 -178.410  562.0  7.6
1994  3 14  4 30 15.75  -1.280  -23.570   10.0  7.0
1994  6  2 18 17 34.02 -10.480  112.830   18.0  7.8
1994  6  9  0 33 16.23 -13.840  -67.550  631.0  8.2
1994  7 13  2 35 56.02 -16.620  167.520   33.0  7.2
1994  7 21 18 36 31.74  42.340  132.870  471.0  7.3
1994  9  1 15 15 53.08  40.400 -125.680   10.0  7.0
1994 10  4 13 22 55.84  43.770  147.320   14.0  8.3
1994 10  9  7 55 39.58  43.900  147.920   33.0  7.3
1994 11 14 19 15 30.66  13.520  121.070   31.0  7.1
1994 12 28 12 19 23.03  40.530  143.420   26.0  7.8
1995  1  6 22 37 34.32  40.250  142.180   26.0  7.0
1995  2  5 22 51  5.14 -37.760  178.750   21.0  7.1
1995  4  7 22  6 56.89 -15.200 -173.530   21.0  7.4
1995  4 21  0 34 46.09  12.060  125.580   20.0  7.2
1995  5  5  3 53 45.05  12.630  125.300   16.0  7.1
1995  5 16 20 12 44.22 -23.010  169.900   20.0  7.7
1995  5 27 13  3 52.65  52.630  142.830   11.0  7.1
1995  7  3 19 50 50.62 -29.210 -177.590   35.0  7.2
1995  7 30  5 11 23.63 -23.340  -70.290   45.0  8.0
1995  8 16 10 27 28.63  -5.800  154.180   30.0  7.7
1995  8 16 23 10 23.98  -5.770  154.350   33.0  7.2
1995  8 23  7  6  2.76  18.860  145.220  594.0  7.1
1995  9 14 14  4 31.43  16.780  -98.600   23.0  7.4
1995 10  3  1 51 23.90  -2.750  -77.880   24.0  7.0
1995 10  9 15 35 53.91  19.060 -104.210   33.0  8.0
1995 10 18 10 37 26.38  27.930  130.180   28.0  7.1
1995 10 21  2 38 57.12  16.840  -93.470  159.0  7.2
1995 11 22  4 15 11.94  28.830   34.800   10.0  7.2
1995 12  3 18  1  8.99  44.660  149.300   33.0  7.9
1995 12 25  4 43 24.46  -6.900  129.150  141.0  7.1
1996  1  1  8  5 10.83   0.730  119.930   24.0  7.9
1996  2  7 21 36 46.30  45.320  149.890   42.0  7.2
1996  2 17  5 59 30.55  -0.890  136.950   33.0  8.2
1996  2 21 12 51  1.30  -9.590  -79.590   10.0  7.5
1996  2 25  3  8 15.87  15.980  -98.070   21.0  7.1
1996  4 16  0 30 54.67 -24.060 -177.040  110.0  7.2
1996  4 29 14 40 41.09  -6.520  155.000   44.0  7.2
1996  6  2  2 52  9.55  10.800  -42.250   10.0  7.0
1996  6 10  4  3 35.48  51.560 -177.630   33.0  7.9
1996  6 10 15 24 56.00  51.480 -176.850   26.0  7.3
1996  6 11 18 22 55.73  12.610  125.150   33.0  7.1
1996  6 17 11 22 18.54  -7.140  122.590  587.0  7.9
1996  7 22 14 19 35.77   1.000  120.450   33.0  7.0
1996  8  5 22 38 22.09 -20.690 -178.310  550.0  7.4
1996 11 12 16 59 44.03 -14.990  -75.680   33.0  7.7
1997  1 11 20 28 26.02  18.220 -102.760   33.0  7.2
1997  1 23  2 15 22.97 -22.000  -65.720  276.0  7.1
1997  2 27 21  8  2.36  29.980   68.210   33.0  7.1
1997  4 21 12  2 26.43 -12.580  166.680   33.0  7.7
1997  5 10  7 57 29.72  33.830   59.810   10.0  7.3
1997  5 25 23 22 33.19 -32.120  179.790  332.0  7.1
1997  7  9 19 24 13.17  10.600  -63.490   19.0  7.0
1997  9 20 16 11 32.15 -28.680 -177.620   30.0  7.0
1997 10 14  9 53 18.15 -22.100 -176.770  167.0  7.8
1997 10 15  1  3 33.46 -30.930  -71.220   58.0  7.1
1997 10 28  6 15 17.33  -4.370  -76.680  112.0  7.2
1997 11  8 10  2 52.61  35.070   87.320   33.0  7.5
1997 11 15 18 59 24.30 -15.150  167.380  123.0  7.0
1997 11 25 12 14 33.63   1.240  122.540   24.0  7.0
1997 12  5 11 26 54.69  54.840  162.040   33.0  7.8
1997 12 22  2  5 50.08  -5.490  147.870  179.0  7.2
1998  1  4  6 11 58.97 -22.300  170.910  100.0  7.5
1998  1 30 12 16  8.69 -23.910  -70.210   42.0  7.1
1998  3 25  3 12 25.07 -62.880  149.530   10.0  8.1
1998  3 29 19 48 16.21 -17.550 -179.090  537.0  7.2
1998  4  1 17 56 23.36  -0.540   99.260   55.0  7.0
1998  5  3 23 30 21.91  22.310  125.310   33.0  7.5
1998  7 16 11 56 36.42 -11.040  166.160  110.0  7.0
1998  7 17  8 49 13.28  -2.960  141.930   10.0  7.0
1998  8  4 18 59 20.10  -0.590  -80.390   33.0  7.2
1998  8 20  6 40 55.82  28.930  139.330  440.0  7.1
1998 11  9  5 38 44.22  -6.920  128.950   33.0  7.0
1998 11 29 14 10 31.96  -2.070  124.890   33.0  7.7
1999  1 19  3 35 33.84  -4.600  153.240  114.0  7.0
1999  2  6 21 47 59.47 -12.850  166.700   90.0  7.3
1999  3  4  8 52  1.90   5.400  121.940   33.0  7.1
1999  4  5 11  8  4.00  -5.590  149.570  150.0  7.4
1999  4  8 13 10 34.08  43.610  130.350  565.0  7.1
1999  5 10 20 33  2.09  -5.160  150.880  138.0  7.1
1999  5 16  0 51 20.46  -4.750  152.490   73.0  7.1
1999  6 15 20 42  5.93  18.390  -97.440   70.0  7.0
1999  8 17  0  1 39.13  40.750   29.860   17.0  7.6
1999  9 20 17 47 18.49  23.770  120.980   33.0  7.7
1999  9 30 16 31 15.69  16.060  -96.930   60.0  7.5
1999 10 16  9 46 44.13  34.590 -116.270    0.0  7.1
1999 11 12 16 57 19.55  40.760   31.160   10.0  7.2
1999 11 15  5 42 43.22  -1.340   88.980   10.0  7.0
1999 11 19 13 56 46.45  -6.350  148.760   33.0  7.0
1999 11 26 13 21 15.57 -16.420  168.210   33.0  7.5
1999 12  6 23 12 33.92  57.410 -154.490   66.0  7.0
1999 12 11 18  3 36.45  15.770  119.740   33.0  7.3
2000  1  8 16 47 20.58 -16.920 -174.250  183.0  7.2
2000  2 25  1 43 58.64 -19.530  173.820   33.0  7.1
2000  3 28 11  0 22.51  22.340  143.730  126.0  7.6
2000  4 23  9 27 23.32 -28.310  -62.990  608.0  7.0
2000  5  4  4 21 16.21  -1.110  123.570   26.0  7.6
2000  5 12 18 43 18.12 -23.550  -66.450  225.0  7.2
2000  6  4 16 28 26.17  -4.720  102.090   33.0  7.9
2000  6 18 14 44 13.31 -13.800   97.450   10.0  7.9
2000  8  6  7 27 12.90  28.860  139.560  394.0  7.4
2000 10  4 16 58 44.31 -15.420  166.910   23.0  7.0
2000 10 29  8 37  8.77  -4.770  153.950   50.0  7.0
2000 11 16  4 54 56.74  -3.980  152.170   33.0  8.0
2000 11 16  7 42 16.93  -5.230  153.100   30.0  7.8
2000 11 17 21  1 56.49  -5.500  151.780   33.0  7.8
2000 12  6 17 11  6.40  39.570   54.800   30.0  7.0
2001  1  1  6 57  4.17   6.900  126.580   33.0  7.5
2001  1  9 16 49 28.00 -14.930  167.170  103.0  7.1
2001  1 10 16  2 44.23  57.080 -153.210   33.0  7.0
2001  1 13 17 33 32.38  13.050  -88.660   60.0  7.7
2001  1 26  3 16 40.50  23.420   70.230   16.0  7.7
2001  2 13 19 28 30.26  -4.680  102.560   36.0  7.4
2001  2 24  7 23 48.73   1.270  126.250   35.0  7.1
2001  6  3  2 41 57.16 -29.670 -178.630  178.0  7.2
2001  6 23 20 33 14.13 -16.260  -73.640   33.0  8.4
2001  7  7  9 38 43.52 -17.540  -72.080   33.0  7.6
2001  8 21  6 52  6.25 -36.810 -179.570   33.0  7.1
2001 10 12 15  2 16.84  12.690  144.980   37.0  7.0
2001 10 19  3 28 44.46  -4.100  123.910   33.0  7.5
2001 10 31  9 10 20.00  -5.910  150.200   33.0  7.0
2001 11 14  9 26 10.01  35.950   90.540   10.0  7.8
2001 12 12 14  2 35.04 -42.810  124.690   10.0  7.1
2002  1  2 17 22 48.76 -17.600  167.860   21.0  7.2
2002  3  3 12  8 19.74  36.500   70.480  225.0  7.4
2002  3  5 21 16  9.13   6.030  124.250   31.0  7.5
2002  3 31  6 52 50.49  24.280  122.180   32.0  7.1
2002  4 26 16  6  7.00  13.090  144.620   85.0  7.1
2002  6 28 17 19 30.27  43.750  130.670  566.0  7.3
2002  8 19 11  1  1.19 -21.700 -179.510  580.0  7.7
2002  8 19 11  8 24.31 -23.880  178.490  675.0  7.7
2002  9  8 18 44 23.71  -3.300  142.950   13.0  7.6
2002 10 10 10 50 20.57  -1.760  134.300   10.0  7.6
2002 11  2  1 26 10.70   2.820   96.080   30.0  7.4
2002 11  3 22 12 41.00  63.520 -147.440    4.0  7.9
2002 11 17  4 53 53.54  47.820  146.210  459.0  7.3
2003  1 20  8 43  6.07 -10.490  160.770   33.0  7.3
2003  1 22  2  6 34.61  18.770 -104.100   24.0  7.6
2003  3 17 16 36 17.31  51.270  177.980   33.0  7.1
2003  5 26  9 24 33.40  38.850  141.570   68.0  7.0
2003  5 26 19 23 27.94   2.350  128.850   31.0  7.0
2003  6 20  6 19 38.91  -7.610  -71.720  558.0  7.1
2003  7 15 20 27 50.53  -2.600   68.380   10.0  7.6
2003  8  4  4 37 20.13 -60.530  -43.410   10.0  7.6
2003  8 21 12 12 49.79 -45.100  167.140   28.0  7.2
2003  9 25 19 50  6.36  41.810  143.910   27.0  8.3
2003  9 25 21  8  0.03  41.770  143.590   33.0  7.4
2003  9 27 11 33 25.08  50.040   87.810   16.0  7.3
2003 10 31  1  6 28.28  37.810  142.620   10.0  7.0
2003 11 17  6 43  6.80  51.150  178.650   33.0  7.8
2003 12 27 16  0 59.45 -22.010  169.770   10.0  7.3
2004  1  3 16 23 21.02 -22.250  169.680   22.0  7.1
2004  2  5 21  5  2.84  -3.620  135.540   16.0  7.0
2004  2  7  2 42 35.21  -4.000  135.020   10.0  7.3
2004  7 15  4 27 14.73 -17.660 -178.760  565.0  7.1
2004  7 25 14 35 19.06  -2.430  103.980  582.0  7.3
2004  9  5 10  7  7.82  33.070  136.620   14.0  7.2
2004  9  5 14 57 18.61  33.180  137.070   10.0  7.4
2004 10  9 21 26 53.69  11.420  -86.670   35.0  7.0
2004 11 11 21 26 41.15  -8.150  124.870   10.0  7.5
2004 11 15  9  6 56.56   4.700  -77.510   15.0  7.2
2004 11 22 20 26 23.90 -46.680  164.720   10.0  7.1
2004 11 26  2 25  3.31  -3.610  135.400   10.0  7.1
2004 11 28 18 32 14.13  43.010  145.120   39.0  7.0
2004 12 23 14 59  4.41 -49.310  161.350   10.0  8.1
2004 12 26  0 58 53.45   3.300   95.980   30.0  9.1
2004 12 26  4 21 29.81   6.910   92.960   39.0  7.2
2005  2  5 12 23 18.94   5.290  123.340  525.0  7.1
2005  3  2 10 42 12.23  -6.530  129.930  201.0  7.1
2005  3 28 16  9 36.53   2.090   97.110   30.0  8.6
2005  6 13 22 44 33.90 -19.990  -69.200  115.0  7.8
2005  6 15  2 50 54.19  41.290 -125.950   16.0  7.2
2005  7 24 15 42  6.21   7.920   92.190   16.0  7.2
2005  8 16  2 46 28.40  38.280  142.040   36.0  7.2
2005  9  9  7 26 43.73  -4.540  153.470   90.0  7.6
2005  9 26  1 55 37.67  -5.680  -76.400  115.0  7.5
2005 10  8  3 50 40.80  34.540   73.590   26.0  7.6
2005 11 14 21 38 51.42  38.110  144.900   11.0  7.0
2006  1  2  6 10 49.76 -60.960  -21.610   13.0  7.4
2006  1  2 22 13 40.49 -19.930 -178.180  582.0  7.2
2006  1 27 16 58 53.67  -5.470  128.130  397.0  7.6
2006  2 22 22 19  7.80 -21.320   33.580   11.0  7.0
2006  4 20 23 25  2.15  60.950  167.090   22.0  7.6
2006  5  3 15 26 40.29 -20.190 -174.120   55.0  8.0
2006  5 16 10 39 23.34 -31.810 -179.310  152.0  7.4
2006  7 17  8 19 26.68  -9.280  107.420   20.0  7.7
2006  8 20  3 41 48.04 -61.030  -34.370   13.0  7.0
2006 11 15 11 14 13.57  46.590  153.270   10.0  8.3
2006 12 26 12 26 21.14  21.800  120.550   10.0  7.1
2007  1 13  4 23 21.16  46.240  154.520   10.0  8.1
2007  1 21 11 27 45.06   1.070  126.280   22.0  7.5
2007  3 25  0 40  1.61 -20.620  169.360   34.0  7.1
2007  4  1 20 39 58.71  -8.470  157.040   24.0  8.1
2007  8  1 17  8 51.40 -15.600  167.680  120.0  7.2
2007  8  8 17  5  4.92  -5.860  107.420  280.0  7.5
2007  8 15 23 40 57.89 -13.390  -76.600   39.0  8.0
2007  9  2  1  5 18.15 -11.610  165.760   35.0  7.2
2007  9 12 11 10 26.83  -4.440  101.370   34.0  8.5
2007  9 12 23 49  3.72  -2.620  100.840   35.0  7.9
2007  9 13  3 35 28.72  -2.130   99.630   22.0  7.0
2007  9 28 13 38 57.88  22.010  142.670  260.0  7.5
2007  9 30  5 23 34.07 -49.270  164.120   10.0  7.4
2007 10 31  3 30 15.96  18.900  145.390  207.0  7.2
2007 11 14 15 40 50.53 -22.250  -69.890   40.0  7.7
2007 11 29 19  0 20.42  14.940  -61.270  156.0  7.4
2007 12  9  7 28 20.82 -26.000 -177.510  152.0  7.8
2007 12 19  9 30 27.93  51.360 -179.510   34.0  7.2
2008  2 20  8  8 30.52   2.770   95.960   26.0  7.4
2008  2 25  8 36 33.03  -2.490   99.970   25.0  7.2
2008  3 20 22 32 57.93  35.490   81.470   10.0  7.2
2008  4  9 12 46 12.72 -20.070  168.890   33.0  7.3
2008  4 12  0 30 12.60 -55.660  158.450   16.0  7.1
2008  5 12  6 28  1.57  31.000  103.320   19.0  7.9
2008  6 30  6 17 43.02 -58.230  -22.100    8.0  7.0
2008  7  5  2 12  4.48  53.880  152.890  632.0  7.7
2008  7 19  2 39 28.70  37.550  142.210   22.0  7.0
2008  9 29 15 19 31.59 -29.760 -177.680   36.0  7.0
2008 11 16 17  2 32.70   1.270  122.090   30.0  7.4
2008 11 24  9  2 58.76  54.200  154.320  492.0  7.3
2009  1  3 19 43 50.65  -0.410  132.880   17.0  7.7
2009  1  3 22 33 40.29  -0.690  133.300   23.0  7.4
2009  1 15 17 49 39.07  46.860  155.150   36.0  7.4
2009  2 11 17 34 50.49   3.890  126.390   20.0  7.2
2009  2 18 21 53 45.16 -27.420 -176.330   25.0  7.0
2009  3 19 18 17 40.47 -23.040 -174.660   31.0  7.6
2009  5 28  8 24 46.56  16.730  -86.220   19.0  7.3
2009  7 15  9 22 29.03 -45.760  166.560   12.0  7.8
2009  8  9 10 55 55.11  33.170  137.940  292.0  7.1
2009  8 10 19 55 38.73  14.100   92.900   24.0  7.5
2009  9  2  7 55  1.05  -7.780  107.300   46.0  7.0
2009  9 29 17 48 10.99 -15.490 -172.100   18.0  8.1
2009  9 30 10 16  9.25  -0.720   99.870   81.0  7.6
2009 10  7 22  3 14.47 -13.010  166.510   45.0  7.7
2009 10  7 22 18 51.24 -12.520  166.380   35.0  7.8
2009 10  7 23 13 48.16 -13.090  166.500   31.0  7.4
2009 11  9 10 44 55.11 -17.240  178.330  595.0  7.3
2010  1  3 22 36 27.96  -8.800  157.350   25.0  7.1
2010  1 12 21 53 10.06  18.440  -72.570   13.0  7.0
2010  2 26 20 31 26.97  25.930  128.430   25.0  7.0
2010  2 27  6 34 11.53 -36.120  -72.900   22.0  8.8
2010  4  4 22 40 43.10  32.300 -115.280    4.0  7.2
2010  4  6 22 15  1.58   2.380   97.050   31.0  7.8
2010  5  9  5 59 41.62   3.750   96.020   38.0  7.2
2010  5 27 17 14 46.57 -13.700  166.640   31.0  7.1
2010  6 12 19 26 50.46   7.880   91.940   35.0  7.5
2010  6 16  3 16 27.55  -2.170  136.540   18.0  7.0
2010  7 18 13 34 59.36  -5.930  150.590   35.0  7.3
2010  7 23 22  8 11.25   6.720  123.410  607.0  7.3
2010  7 23 22 51 12.45   6.490  123.470  585.0  7.6
2010  7 23 23 15 10.19   6.780  123.260  640.0  7.4
2010  8  4 22  1 43.62  -5.750  150.760   44.0  7.0
2010  8 10  5 23 44.98 -17.540  168.070   25.0  7.3
2010  8 12 11 54 15.58  -1.270  -77.310  206.0  7.1
2010  9  3 16 35 47.77 -43.520  171.830   12.0  7.0
2010  9 29 17 11 25.94  -4.960  133.760   26.0  7.0
2010 10 25 14 42 22.46  -3.490  100.080   20.0  7.8
2010 12 21 17 19 40.66  26.900  143.700   14.0  7.4
2010 12 25 13 16 37.00 -19.700  167.940   16.0  7.3
2011  1  1  9 56 58.06 -26.790  -63.090  576.0  7.0
2011  1  2 20 20 17.69 -38.370  -73.350   24.0  7.1
2011  1 13 16 16 41.54 -20.630  168.470    9.0  7.0
2011  1 18 20 23 23.51  28.780   63.940   68.0  7.2
2011  3  9  2 45 20.28  38.420  142.830   32.0  7.3
2011  3 11  5 46 24.61  38.300  142.340   32.0  9.0
2011  3 11  6 15 40.88  36.180  141.170   39.0  7.9
2011  3 11  6 25 50.79  38.060  144.600   21.0  7.7
